#LBA time[ms], KF opt[#], KF fixed[#], MP[#], Edges[#]
12.859555,2,2,452,1278
16.682956,3,2,453,1627
36.749588,4,2,499,2086
37.526949,5,2,552,2573
56.980585,6,2,807,3779
75.367379,7,2,845,4353
82.404765,8,2,894,4846
68.741259,9,2,973,5679
95.747282,9,2,1048,6487
83.980478,10,2,1059,7101
79.398800,11,2,1093,7742
107.512395,12,2,1118,8348
129.725231,13,2,1127,8873
132.897251,14,2,1174,9590
121.665205,15,2,1194,10063
135.933421,16,2,1294,10947
147.593891,17,2,1268,11398
146.597520,18,2,1289,11883
150.398391,19,2,1314,12332
147.850733,20,2,1326,12533
157.112237,20,2,1361,12325
149.936855,20,2,1431,12378
153.344897,20,2,1474,12652
192.842317,20,2,1445,12575
156.063544,21,2,1442,13067
156.105600,21,2,1443,13028
164.066886,22,2,1465,13534
180.230262,23,2,1510,14235
187.086037,23,2,1501,14112
192.814840,23,2,1527,14108
183.032246,23,2,1492,13942
207.175807,23,2,1495,13766
167.399884,23,2,1464,13615
185.542710,23,2,1464,13605
199.959251,23,2,1506,13611
165.715959,23,2,1469,13589
182.722151,23,2,1481,13658
179.421001,24,2,1491,14362
180.498942,24,2,1490,14323
179.767455,24,2,1494,14276
188.014511,25,2,1552,14932
193.119510,25,3,1564,15433
200.274271,25,3,1599,15517
235.441872,25,4,1570,15844
193.626105,25,4,1560,15655
200.245870,25,4,1586,15712
249.325156,25,3,1585,15287
189.209053,25,3,1582,15064
185.147240,25,3,1612,15279
188.997252,25,3,1563,15181
189.591009,25,3,1602,15410
191.660176,25,3,1606,15472
191.075229,25,3,1595,15525
201.592001,25,4,1599,16008
193.589959,25,4,1567,16014
207.862060,25,5,1618,16672
206.817425,25,6,1621,17158
216.596356,25,6,1596,17272
207.264034,25,6,1648,17366
204.583840,25,5,1634,16983
229.962457,25,5,1641,16962
206.862535,25,5,1672,16809
210.295868,25,5,1719,16744
228.149193,25,5,1682,16911
228.682072,25,6,1603,17259
209.254152,25,7,1584,17752
227.006105,25,8,1584,18163
230.463260,25,9,1617,18673
273.944727,25,10,1607,19374
234.525204,25,10,1610,19394
234.243780,25,10,1623,19652
237.736309,25,10,1601,19692
242.691067,25,10,1575,19418
233.797853,25,9,1614,19054
229.845581,25,9,1595,18937
229.687141,25,9,1601,18816
223.808178,25,10,1568,18916
224.106288,25,10,1603,18899
293.974292,25,10,1632,18898
225.499292,25,10,1590,18962
225.102979,25,10,1586,18998
229.194433,25,11,1518,19223
231.943376,25,12,1549,19890
233.645605,25,12,1565,19981
235.054434,25,12,1555,20124
240.190470,25,11,1534,19639
230.331260,25,11,1599,19492
224.135163,25,11,1630,19130
231.658155,25,12,1744,19600
223.322797,25,12,1871,19612
223.782572,25,12,1950,19522
216.668955,25,12,1996,19188
216.685451,25,13,2064,19525
231.706182,25,14,2118,19799
212.845421,25,15,2152,20012
237.619285,25,15,2187,19580
196.968571,25,14,2186,18662
194.551705,25,13,2266,17967
192.130628,25,13,2325,17785
195.570507,25,14,2370,18152
194.417092,25,15,2379,18426
194.251591,25,15,2405,18435
190.331685,25,15,2418,18190
189.376098,25,15,2456,18059
202.962428,25,15,2468,17965
186.744596,25,15,2459,17624
187.828092,25,16,2452,17971
194.009459,25,17,2462,18365
196.859456,25,18,2505,18749
197.809619,25,18,2523,18509
197.864957,25,19,2536,18742
199.401290,25,20,2567,19017
224.385228,25,21,2646,19450
235.483482,25,22,2679,19813
221.599045,25,23,2672,20054
209.903819,25,24,2631,20210
211.035511,25,25,2696,20619
219.806231,25,26,2757,21198
223.032587,25,27,2801,21661
224.571382,25,27,2817,21879
267.854135,25,28,2867,22468
234.008579,25,29,2857,22937
253.482738,25,30,2917,23778
253.295983,25,31,2959,24451
261.215197,25,32,2972,24931
265.841926,25,33,3026,25555
260.621404,25,34,3085,26089
268.259414,25,34,3104,26237
273.715645,25,35,3112,26688
281.455341,25,36,3156,27037
292.963918,25,37,3114,27100
265.304625,25,38,3038,26929
264.718487,25,39,3032,26996
265.168993,25,40,3015,27245
272.363772,25,41,3013,27874
278.415004,25,42,3027,28301
280.685440,25,43,3010,28481
281.793067,25,44,3048,28885
286.214514,25,45,3094,29434
285.090860,25,45,3061,29524
292.336725,25,46,3015,30073
301.895709,25,46,3064,30403
296.413405,25,47,3118,30917
300.243997,25,47,3129,30885
315.139720,25,48,3229,31666
309.118392,25,49,3160,31961
334.734924,25,50,3218,32554
319.881467,25,50,3230,32467
312.802522,25,50,3262,32326
313.621820,25,51,3188,32560
312.605680,25,51,3134,32478
318.772488,25,52,3166,33056
323.817455,25,53,3170,33533
321.592657,25,52,3140,33191
319.241086,25,52,3120,33280
320.142957,25,52,3114,33311
324.066188,25,51,3153,33236
326.208519,25,51,3174,33367
324.695611,25,51,3162,33260
324.714853,25,51,3156,33082
327.773007,25,52,3150,33566
328.299435,25,52,3145,33512
335.129518,25,53,3133,33705
335.194947,25,52,3115,33186
319.780205,25,51,3111,32560
315.584548,25,52,3090,32590
321.522924,25,53,3083,32768
377.439038,25,52,3082,32413
317.003478,25,52,3062,32603
317.794047,25,51,3082,32490
318.173304,25,52,3143,32826
328.054204,25,53,3134,33330
325.563198,25,54,3063,33570
341.175480,25,54,3011,33532
344.391520,25,55,3005,34023
343.252445,25,55,3031,34313
356.895468,25,56,3065,34906
339.803174,25,56,3125,35023
336.233470,25,56,3172,34889
338.300033,25,56,3156,34801
337.258822,25,57,3159,35063
334.141328,25,56,3133,34452
322.235350,25,56,3097,34036
331.813114,25,57,3142,34371
327.756326,25,57,3180,34413
323.560248,25,57,3220,34123
316.349383,25,56,3158,33542
330.426814,25,57,3103,33668
314.012686,25,58,3031,33211
313.081525,25,59,3031,33323
318.090713,25,60,3059,33707
319.539815,25,60,3009,33455
317.453613,25,59,2994,32956
320.338144,25,60,3014,33244
333.646595,25,61,3046,33500
315.376073,25,60,3002,32421
311.218848,25,61,3013,32383
309.430364,25,61,3074,32373
297.067245,25,62,2970,31150
303.677884,25,62,2943,31274
307.528951,25,63,2855,31266
301.174943,25,63,2880,31292
306.240755,25,64,2901,32113
305.439014,25,64,2864,32122
306.753530,25,65,2873,32000
308.477086,25,66,2837,31945
313.627346,25,67,2814,32192
315.281772,25,67,2823,32147
307.977768,25,67,2797,31622
302.736589,25,67,2643,30075
291.086690,25,68,2598,29407
284.723649,25,68,2534,28476
284.846431,25,67,2565,27958
290.667692,25,68,2599,28396
309.310000,25,68,2719,31158
321.689458,25,68,2861,32413
325.964077,25,69,2922,33086
333.928722,25,70,3072,33975
343.448754,25,71,3183,35985
352.805453,25,71,3164,36573
367.120568,25,72,3283,37588
357.640858,25,73,3314,37895
361.119135,25,74,3393,38310
363.330906,25,74,3453,38391
357.104545,25,75,3410,38295
362.439893,25,75,3410,38561
359.400792,25,74,3347,38054
366.922175,25,75,3389,38566
378.920547,25,75,3465,38683
379.593750,25,75,3410,38645
372.017354,25,76,3318,38846
382.649185,25,77,3321,39119
368.530917,25,75,3310,38582
364.315146,25,75,3235,38304
378.189245,25,76,3206,38491
371.010537,25,77,3207,38540
361.443312,25,75,3191,37705
378.851258,25,75,3184,37784
375.150566,25,75,3182,37895
368.442883,25,76,3226,38542
370.832654,25,75,3179,37854
369.622173,25,76,3152,37913
350.482933,25,75,3015,36698
347.451190,25,75,3012,36341
350.168439,25,73,2951,35656
390.905444,25,74,2927,35871
356.910464,25,75,2937,36221
361.999684,25,76,2955,36567
356.264947,25,75,2846,35328
351.267499,25,74,2855,34853
348.299126,25,74,2772,34138
349.740017,25,74,2778,34252
351.857619,25,74,2827,34293
348.491200,25,74,2827,33855
347.170638,25,74,2745,33615
349.198432,25,75,2676,33855
352.057069,25,76,2569,33454
324.820579,25,76,2333,30529
458.720031,25,74,2637,33789
350.305550,25,74,2604,33551
387.489991,25,74,2701,34044
340.651670,25,75,2506,32176
412.956305,25,73,2788,34308
352.884967,25,74,2811,33791
409.206608,25,74,2962,35977
381.463235,25,75,2903,36613
392.837985,25,76,2921,36938
375.303399,25,76,3017,37133
386.861469,25,75,3152,38437
382.889003,25,75,3102,38490
472.284879,25,74,3157,38129
383.185339,25,74,3141,38110
372.101824,25,72,3146,37271
373.633393,25,72,3206,37645
372.870915,25,72,3198,37949
378.678111,25,73,3165,38265
378.244069,25,74,3178,38411
376.834811,25,73,3202,38149
394.620484,25,72,3144,37933
389.139085,25,72,3169,38116
379.506552,25,73,3146,38308
374.234518,25,72,3181,37840
378.485997,25,73,3244,38398
375.984994,25,72,3200,37868
369.731004,25,72,3209,37977
373.926966,25,73,3226,38368
372.534487,25,74,3230,38640
369.373493,25,74,3148,37994
373.637757,25,75,3116,38380
373.893852,25,75,3137,38384
371.479296,25,76,3060,38141
369.595476,25,74,3071,37218
361.737241,25,75,3109,37585
370.623338,25,76,3011,37572
382.495232,25,76,3035,37774
366.037313,25,76,2967,36950
362.132612,25,75,2910,36393
357.051797,25,75,2907,36323
366.718347,25,75,2960,36210
