#Stereo rect[ms], MP culling[ms], MP creation[ms], LBA[ms], KF culling[ms], Total[ms]
0.167318,0.032177,22.905466,0.000000,0.000000,23.107098
0.391092,0.134184,18.709824,0.000000,0.019184,19.257423
8.307622,0.316836,10.243240,12.859555,0.121007,31.848931
8.213019,0.118488,11.765918,16.682956,0.346443,37.127417
9.443369,0.073387,13.618259,36.749588,0.511054,60.396326
9.298878,0.048656,22.351651,37.526949,0.380062,69.606985
9.971864,0.063445,35.187211,56.980585,0.857290,103.060973
12.731790,0.133980,35.838550,75.367379,1.513813,125.586047
13.215450,0.148126,42.198016,82.404765,1.856383,139.824131
14.559205,0.165410,46.047649,68.741259,134.466160,263.980942
16.119261,0.099286,47.659495,95.747282,3.123227,162.749572
16.703640,0.147249,48.674245,83.980478,3.787857,153.294264
16.699773,0.131341,52.044955,79.398800,4.124463,152.400135
18.303829,0.124381,58.414233,107.512395,4.550246,188.906112
20.215317,0.151262,61.612687,129.725231,4.735807,216.441329
20.563988,0.143478,67.160607,132.897251,5.863119,226.629561
21.483746,0.173200,68.044036,121.665205,6.403337,217.771685
22.612567,0.115872,76.244702,135.933421,7.765475,242.673657
22.833297,0.168946,76.700919,147.593891,8.244349,255.542803
21.853314,0.117213,79.432762,146.597520,9.099815,257.101640
21.213671,0.112733,79.164014,150.398391,10.260369,724.339943
19.559327,0.138957,74.109227,147.850733,13.655339,255.315034
17.531042,0.097444,74.592123,157.112237,13.406282,262.740139
19.226727,0.091386,82.454497,149.936855,13.329389,265.040103
23.401181,0.122812,91.561592,153.344897,12.401588,280.833070
25.525725,0.188236,93.126342,192.842317,10.288458,321.972019
25.566615,0.131861,92.379202,156.063544,14.751341,288.893569
24.432876,0.153556,91.268618,156.105600,11.259097,283.221001
25.099174,0.122100,95.747263,164.066886,11.936091,296.972651
26.654431,0.144133,102.124901,180.230262,17.509907,326.664854
25.394722,0.134204,97.102209,187.086037,18.564629,328.283091
26.905088,0.160369,98.772548,192.814840,19.314023,337.968009
25.633826,0.171299,99.684773,183.032246,20.557554,329.081212
22.397669,0.111921,91.915825,207.175807,23.277494,344.880477
23.147646,0.117344,94.019582,167.399884,24.386622,309.072661
24.021617,0.100506,96.383506,185.542710,26.897882,332.947361
23.450539,0.097409,95.350700,199.959251,25.802474,344.661469
24.950003,0.149896,93.109836,165.715959,28.782178,312.709407
26.245874,0.101076,99.019362,182.722151,12.063608,320.153084
28.815536,0.144235,105.642941,179.421001,19.168906,333.193748
28.266999,0.127346,105.625154,180.498942,21.418869,335.938870
25.927117,0.137730,99.269925,179.767455,14.324792,319.428085
24.883498,0.140931,99.276020,188.014511,14.536027,326.851943
25.233631,0.162788,100.657223,193.119510,23.860597,343.035151
27.436648,0.123464,108.479026,200.274271,16.241123,352.555885
27.341065,0.156096,107.840134,235.441872,25.601718,396.381910
26.910249,0.129833,100.226951,193.626105,21.670058,342.564637
28.529092,0.098095,117.786944,200.245870,35.475336,382.136286
28.964788,0.117392,114.682013,249.325156,23.275757,785.180935
22.809540,0.138041,96.395351,189.209053,24.118226,332.671428
29.016724,0.110006,112.957909,185.147240,26.184051,353.417418
28.817873,0.165370,104.571816,188.997252,27.324219,349.877718
28.066232,0.129133,107.574748,189.591009,28.507294,353.869939
26.390311,0.137521,101.550695,191.660176,30.728722,350.468726
27.931942,0.132878,102.994546,191.075229,16.592056,338.728810
26.934171,0.159663,98.896866,201.592001,21.339673,348.923376
29.236607,0.142296,101.062426,193.589959,16.925217,340.957602
29.094479,0.114970,106.634804,207.862060,19.174469,362.882092
24.100695,0.144265,99.445667,206.817425,24.140512,354.650131
35.382743,0.143244,116.699200,216.596356,25.043293,393.866014
26.325341,0.138695,108.418628,207.264034,39.155087,381.302742
30.037984,0.161916,113.601229,204.583840,27.404929,375.790769
32.895458,0.193148,113.858915,229.962457,29.457405,406.368718
22.618871,0.146722,98.481186,206.862535,32.237478,360.348515
18.779980,0.137417,97.118661,210.295868,33.168268,359.502258
30.943814,0.145412,110.919568,228.149193,18.076175,388.235801
31.657682,0.197194,115.235425,228.682072,20.111545,395.885144
31.804581,0.189111,111.421271,209.254152,21.522603,374.192987
31.284940,0.107270,121.171158,227.006105,30.292211,409.863154
34.433445,0.101619,128.806724,230.463260,25.041981,418.848175
39.253557,0.142662,135.885688,273.944727,37.728578,486.956556
35.138566,0.162460,130.112230,234.525204,31.908842,431.848210
35.415089,0.153790,133.236589,234.243780,39.911470,442.962637
41.304183,0.187648,132.787010,237.736309,40.790095,452.806579
32.500553,0.153847,112.897704,242.691067,52.591894,481.477338
33.025797,0.119957,119.261355,233.797853,40.220349,426.426194
43.716551,0.162329,134.880525,229.845581,40.500857,449.106734
33.453353,0.163075,110.251207,229.687141,23.108916,396.664889
21.481253,0.149586,88.561911,223.808178,30.304221,364.306479
22.719204,0.097786,94.748495,224.106288,29.218762,370.891532
30.081627,0.117601,107.740526,293.974292,32.033162,463.948470
37.902209,0.157571,124.858224,225.499292,36.213498,424.631862
37.363285,0.127706,119.591790,225.102979,24.819840,407.007122
38.713576,0.148143,126.619322,229.194433,25.807567,420.484640
39.955531,0.119401,122.977141,231.943376,32.576583,427.573049
41.161615,0.158528,119.628162,233.645605,34.961437,429.556591
44.488587,0.183256,117.171569,235.054434,51.589746,448.488409
31.503460,0.215850,108.703724,240.190470,41.542357,422.157078
24.914015,0.110108,96.529832,230.331260,42.853727,394.740350
15.961966,0.116384,81.620845,224.135163,25.624446,347.459773
12.758817,0.097719,76.963791,231.658155,29.765495,351.244865
10.099065,0.132879,74.018282,223.322797,29.785103,337.359238
8.849313,0.125252,64.167445,223.782572,30.820148,327.745686
9.103902,0.147951,59.339567,216.668955,11.190025,296.451801
8.623298,0.134539,57.297086,216.685451,9.971280,292.713298
7.654599,0.123673,53.622018,231.706182,6.024702,299.132238
7.023219,0.121281,50.113661,212.845421,16.925791,287.030311
6.721169,0.117810,55.266038,237.619285,44.475760,344.201659
8.542851,0.091757,64.385669,196.968571,32.452846,302.442722
9.697387,0.096460,73.742995,194.551705,27.051432,305.141146
9.865179,0.107297,70.322303,192.130628,16.015268,288.441843
10.620495,0.119120,75.285077,195.570507,15.390999,340.926736
12.317858,0.132430,80.666589,194.417092,22.053829,309.588921
14.266024,0.525012,87.507046,194.251591,24.205630,320.758076
16.358680,0.127352,90.325267,190.331685,25.779349,322.923628
19.077724,0.109198,93.612359,189.376098,28.863763,331.489168
21.371025,0.125484,99.264804,202.962428,28.446626,352.171994
20.663857,0.126497,91.329980,186.744596,14.280672,313.147020
20.567772,0.147151,90.399033,187.828092,17.396195,316.340454
18.637158,0.126696,87.034973,194.009459,16.897695,316.707712
16.846655,0.108090,90.828799,196.859456,21.828434,326.472990
15.431952,0.146927,88.489798,197.809619,14.609176,316.488729
13.947773,0.174305,87.758829,197.864957,15.480695,315.227705
13.671610,0.174208,89.948563,199.401290,14.153039,317.349945
12.645183,0.172929,88.576101,224.385228,13.154558,338.935007
12.015557,0.206029,87.037497,235.483482,11.781004,346.524723
10.827980,0.238105,77.829457,221.599045,11.025039,321.521716
10.355515,0.205431,69.032821,209.903819,16.748344,306.247034
11.048417,0.137252,81.532773,211.035511,18.925869,322.680750
14.592105,0.138800,97.888139,219.806231,20.591150,353.018126
14.650501,0.159290,95.414918,223.032587,32.039311,365.297944
15.807239,0.188266,98.432276,224.571382,19.772511,358.773344
18.163888,0.177559,104.119205,267.854135,20.830357,411.147019
19.342880,0.197146,107.661235,234.008579,21.215098,382.426243
24.664584,0.135228,115.282179,253.482738,21.710017,415.275963
25.486618,0.160635,114.245743,253.295983,25.047188,418.237668
23.529618,0.162747,106.206663,261.215197,25.039496,416.155251
22.404147,0.138290,111.549101,265.841926,25.317221,494.746266
21.424028,0.165019,117.966307,260.621404,31.723518,431.903431
20.341829,0.174146,110.168220,268.259414,22.979229,421.925622
18.578638,0.187120,107.005430,273.715645,23.538944,423.027128
16.632923,0.195013,99.233350,281.455341,21.576312,419.094107
14.778846,0.210146,88.086106,292.963918,17.813862,413.854352
12.246574,0.216950,81.185013,265.304625,21.835945,380.790290
13.203572,0.142034,79.573792,264.718487,27.917183,385.556115
15.282533,0.142208,90.101412,265.168993,28.695299,399.391862
23.186765,0.139605,121.916257,272.363772,31.296305,448.904533
21.706590,0.139131,120.611649,278.415004,30.832228,451.706174
17.914717,0.149702,101.218525,280.685440,28.523237,428.492686
18.203391,0.147432,108.919706,281.793067,32.760947,441.826013
21.821986,0.151215,123.393743,286.214514,37.006983,468.590030
25.613523,0.188085,118.611997,285.090860,35.085553,464.591565
27.751477,0.163779,114.432232,292.336725,39.789554,474.476226
29.803838,0.093402,131.693182,301.895709,35.156483,498.643667
27.529429,0.129961,123.492524,296.413405,45.068337,492.635654
25.121071,0.134473,119.519951,300.243997,34.350197,479.370811
25.744105,0.137651,124.695226,315.139720,34.499376,500.217488
23.044761,0.206583,110.822978,309.118392,39.537309,482.731656
22.440782,0.190383,110.120411,334.734924,45.881024,587.217497
20.934324,0.155215,104.226168,319.881467,34.674961,479.873552
16.516604,0.204054,99.946228,312.802522,32.240473,461.711096
24.299290,0.216028,133.476763,313.621820,48.040431,519.656390
30.026894,0.180203,139.827069,312.605680,43.562167,526.722502
31.297528,0.147765,143.900252,318.772488,44.328395,538.448380
34.909575,0.125572,146.576686,323.817455,56.804722,562.235765
33.285815,0.172990,141.651398,321.592657,52.685407,549.389946
36.697779,0.119413,143.047658,319.241086,58.455679,557.562893
33.654504,0.122616,137.423299,320.142957,61.876643,553.221732
35.735062,0.124686,137.132543,324.066188,50.075449,547.135734
36.685098,0.117655,139.663060,326.208519,55.703536,558.380247
34.522035,0.175313,137.735185,324.695611,51.538828,548.668581
26.141589,0.150379,124.964800,324.714853,45.478017,521.456213
29.482559,0.140131,134.983810,327.773007,51.556059,543.937004
28.720957,0.134428,128.591592,328.299435,44.259253,530.007300
26.204550,0.138264,121.277350,335.129518,56.544036,539.295130
24.153143,0.191037,109.806299,335.194947,62.391034,531.737799
19.803517,0.150555,105.269234,319.780205,44.624619,489.629541
18.084672,0.145590,105.046186,315.584548,44.015284,482.877875
17.308847,0.141768,92.279304,321.522924,57.741836,565.841137
23.729438,0.202250,113.191376,377.439038,27.603868,542.166977
31.058893,0.129357,142.825762,317.003478,57.935433,548.954514
25.495770,0.165567,131.416770,317.794047,42.454605,517.328525
18.004339,0.170554,103.603752,318.173304,40.107682,480.060981
27.578996,0.196639,131.205436,328.054204,41.259841,528.296775
35.333981,0.183410,131.299399,325.563198,56.406972,548.788898
33.819034,0.179668,150.330532,341.175480,33.818867,559.324661
34.691751,0.128341,150.364990,344.391520,65.223046,594.801208
35.559458,0.269003,146.348436,343.252445,29.594591,555.025198
30.452690,0.134139,137.004122,356.895468,32.919269,557.406928
23.522546,0.142366,125.438577,339.803174,53.472781,542.380709
22.063512,0.139717,121.406225,336.233470,61.740924,541.585468
25.156121,0.149150,117.926695,338.300033,49.661175,531.195097
24.050416,0.120543,123.528118,337.258822,74.321367,559.281099
24.912986,0.090693,113.790037,334.141328,63.167819,536.104790
21.314214,0.082119,100.968794,322.235350,46.733589,491.335388
19.086421,0.092468,95.828546,331.813114,50.109114,496.931447
17.111864,0.109465,113.489633,327.756326,49.814017,508.283078
14.023984,0.113371,91.453534,323.560248,62.440255,572.188548
15.163951,0.135674,90.445215,316.349383,46.367815,468.463471
20.683065,0.128614,116.431044,330.426814,46.303968,513.975160
15.673311,0.107273,95.256174,314.012686,44.336196,469.387004
14.506777,0.097952,90.990794,313.081525,43.556120,462.235027
20.616584,0.093329,114.678048,318.090713,60.072006,513.552636
22.226728,0.103148,109.127339,319.539815,63.001440,514.000405
31.861012,0.077151,146.693120,317.453613,48.608140,544.694683
28.446088,0.078659,139.456342,320.338144,50.669269,538.990577
25.163278,0.116505,119.765531,333.646595,58.437379,537.130890
19.231555,0.118930,107.470302,315.376073,41.809544,484.007686
15.492763,0.136124,103.349499,311.218848,53.383778,483.582348
17.550983,0.152763,106.621361,309.430364,41.495495,475.252076
19.014104,0.147550,110.763091,297.067245,52.432170,479.425410
25.662389,0.179047,135.315397,303.677884,43.827071,508.663363
29.046091,0.169423,131.379244,307.528951,56.472437,524.597827
31.726551,0.127260,148.642786,301.174943,49.798446,531.471787
33.522526,0.181230,136.229986,306.240755,68.380011,544.556412
37.593307,0.892522,149.783972,305.439014,53.937946,547.648458
27.914629,0.777241,135.459412,306.753530,57.385165,528.291356
29.903370,0.114086,148.499246,308.477086,58.448799,545.443950
43.729292,0.124134,168.150953,313.627346,38.419998,564.053053
29.804710,0.126172,122.521645,315.281772,72.587311,540.322807
38.982975,0.100300,167.530299,307.977768,69.144571,583.737453
29.006259,0.136373,132.983319,302.736589,53.376739,518.241263
21.463259,0.117498,122.458984,291.086690,66.391832,501.519303
23.088099,0.141946,121.109545,284.723649,78.000541,507.065466
27.522927,0.177596,141.478674,284.846431,51.064982,505.092522
32.096479,0.192310,154.899838,290.667692,75.170910,553.028773
36.517989,0.184774,145.707226,309.310000,69.619319,561.341136
20.894759,0.159435,106.029336,321.689458,52.353188,501.127707
18.582490,0.134024,109.545533,325.964077,46.493949,500.721399
20.869252,0.138926,114.721401,333.928722,52.491359,522.151475
28.997146,0.171182,139.188463,343.448754,66.634221,578.441289
36.118884,0.161286,139.550695,352.805453,59.314725,587.952767
26.829160,0.112011,130.289704,367.120568,55.233947,579.587124
13.540161,0.818174,74.872709,357.640858,44.811095,491.684183
12.563423,0.103284,89.800954,361.119135,45.432836,509.021009
13.130326,0.125045,105.014016,363.330906,34.032508,515.634311
9.949040,0.150555,84.369422,357.104545,58.158300,509.733170
25.727356,0.144718,115.213221,362.439893,69.631794,573.158835
40.946504,0.140438,152.680085,359.400792,23.995199,577.163955
30.330024,0.109345,148.273502,366.922175,61.904163,607.540555
27.585100,0.150770,135.221873,378.920547,27.765174,569.644797
38.322772,0.198513,176.436005,379.593750,24.538799,619.091027
34.048517,0.195804,130.133412,372.017354,25.210101,561.606221
29.075121,0.114666,128.970964,382.649185,82.756245,623.567323
36.136639,0.147054,141.394147,368.530917,74.979091,621.189811
42.253232,0.126627,150.962057,364.315146,25.005800,582.663888
29.215394,0.123916,134.129300,378.189245,18.951376,560.610478
31.436255,0.095001,143.886399,371.010537,81.428108,627.856918
40.113620,0.157700,152.692662,361.443312,39.479028,593.887210
40.004160,0.130527,170.431361,378.851258,39.131615,628.549751
38.582584,0.154249,179.670953,375.150566,19.919636,613.478858
34.910025,0.138410,161.558671,368.442883,74.303134,639.353977
28.515827,0.150749,134.915342,370.832654,26.186246,560.601670
28.823817,0.124589,143.418124,369.622173,82.250890,624.240429
41.082651,0.124214,163.958386,350.482933,39.526693,595.175441
39.957229,0.113007,161.308255,347.451190,102.694114,651.524456
42.092742,0.119091,168.299384,350.168439,64.853716,625.534137
42.053366,0.118424,167.733278,390.905444,22.746266,623.557655
42.071409,0.149499,144.778753,356.910464,32.495522,576.406130
41.562329,0.117678,154.590647,361.999684,82.293669,640.564586
37.075139,0.143197,153.221212,356.264947,85.408560,632.114030
35.989973,0.162809,144.851412,351.267499,42.971986,575.244432
37.773913,0.132559,159.599598,348.299126,73.341074,619.147415
36.958168,0.129500,154.610445,349.740017,68.397740,609.836493
31.960205,0.129228,141.254263,351.857619,33.361710,558.563786
28.802256,0.150915,144.951589,348.491200,76.063025,598.459626
38.509543,0.180663,162.940335,347.170638,24.436134,573.241295
37.906630,0.180023,150.843220,349.198432,33.976144,572.107928
46.115319,0.122799,182.119985,352.057069,42.302572,622.718403
42.259841,0.118687,168.029238,324.820579,95.641381,630.870554
49.202033,0.142889,185.710792,458.720031,47.023343,740.800106
46.186449,0.141669,158.486437,350.305550,48.742757,603.863707
38.879336,0.155363,155.781818,387.489991,24.934520,607.242041
42.749782,0.193232,164.404346,340.651670,91.373836,639.373403
29.802007,0.133269,131.727349,412.956305,28.321381,602.940935
14.149231,0.164668,107.198700,352.884967,51.039970,525.438226
23.695046,0.171959,124.767531,409.206608,34.638420,592.480232
43.692285,0.181247,159.964987,381.463235,25.784435,611.087004
39.229043,0.834634,151.551722,392.837985,33.852321,618.306390
23.604936,0.146003,134.390630,375.303399,79.069247,612.514721
30.180040,0.183080,150.318194,386.861469,29.880099,597.423479
36.425036,0.160033,145.451901,382.889003,76.293373,641.220141
31.250225,0.142356,147.193387,472.284879,33.849142,684.725492
31.241502,0.191882,132.423889,383.185339,73.758322,620.801634
19.522040,0.138408,109.857392,372.101824,62.869860,564.490508
21.789126,0.131788,117.288596,373.633393,54.526002,567.369502
35.712761,0.163863,137.311537,372.870915,30.554439,576.614526
41.220632,0.866970,164.575325,378.678111,25.004313,610.346038
25.032182,0.149951,134.457411,378.244069,42.073186,579.957397
32.662193,0.160980,143.072572,376.834811,85.034571,637.766039
41.333082,0.160047,157.381283,394.620484,43.879201,637.374676
42.303586,0.139101,154.189159,389.139085,25.890610,611.662128
32.093728,0.160861,147.993547,379.506552,49.309696,609.064925
29.476265,0.221483,136.003334,374.234518,55.647726,595.583856
29.525151,0.170216,140.226726,378.485997,74.273283,622.682026
26.958279,0.187253,130.585760,375.984994,63.668299,597.385295
23.997190,0.192294,126.723363,369.731004,52.479628,573.124353
24.107956,0.152035,119.405262,373.926966,60.477800,578.070832
24.090134,0.164622,118.337551,372.534487,73.046826,588.174236
22.646671,0.161766,108.113188,369.373493,50.842543,551.138321
32.934441,0.145618,139.374777,373.637757,30.054751,576.147968
32.008244,0.132703,138.048706,373.893852,20.181192,564.265539
18.859771,0.167548,100.850727,371.479296,61.735245,553.093112
14.905602,0.129017,98.712649,369.595476,51.943451,535.286744
21.737350,0.116552,124.024032,361.737241,55.008560,562.624571
34.225789,0.194766,134.016685,370.623338,32.185654,571.246775
41.167933,0.187067,164.781399,382.495232,42.184062,630.816970
39.026846,0.175445,147.298667,366.037313,82.301544,634.840485
29.176436,0.138758,138.737931,362.132612,77.227447,607.413658
26.476815,0.159566,125.955833,357.051797,71.400371,581.045273
28.529868,0.133377,135.286516,366.718347,73.925354,604.594187
