# number of KF, number of MP, UpdateLM[ms], SearchLP[ms], PoseOpt[ms]
2,781,0.198193,3.217985,3.007464
2,781,0.143070,3.295484,4.689432
2,781,0.240553,3.111481,3.722201
2,781,0.181312,2.838604,3.698325
2,781,0.188304,3.072210,3.899578
3,409,0.137663,1.240482,3.880734
3,409,0.147269,0.812520,3.909313
3,409,0.164323,1.030307,4.006789
3,409,0.168098,1.040147,3.721817
3,409,0.131954,1.134254,3.905011
4,443,0.124685,1.618339,3.817608
4,443,0.162914,1.481926,3.163528
4,443,0.137998,1.311750,2.929634
4,443,0.179413,1.344463,3.365586
4,443,0.152820,1.271641,2.589544
5,499,0.191026,2.034560,3.225081
5,480,0.184696,1.680323,2.996993
5,480,0.224059,1.542479,3.079903
5,480,0.164966,1.739825,3.747076
5,480,0.286138,1.892923,2.836481
6,552,0.168216,2.340483,3.157992
6,533,0.176239,2.585842,3.073070
6,533,0.175421,3.462746,3.212358
6,533,0.178350,3.436387,3.193921
6,533,0.194147,3.659172,3.297918
7,807,0.188637,7.356880,4.713365
7,787,0.194999,5.955397,5.618108
7,787,0.260007,5.752642,5.247582
7,787,0.314049,7.065040,4.369505
7,787,0.301412,7.057463,3.763778
8,845,0.333950,8.002697,5.444644
8,845,0.428496,7.210439,4.736411
8,810,0.323757,6.400361,3.863277
8,810,0.305139,6.479238,5.229584
8,810,0.321003,6.927007,3.973677
8,810,0.363866,6.680675,4.936545
9,907,0.331008,7.890490,6.338656
9,894,0.585759,7.538024,6.887008
9,871,0.385028,6.230217,5.540518
9,871,0.456659,5.995007,5.801423
9,871,0.378966,6.391905,5.204050
10,993,0.425655,7.697226,6.535147
10,973,0.466818,7.780398,5.811604
10,947,0.515426,3.290173,9.574772
11,931,0.516976,3.249040,9.402579
11,1048,0.491225,3.915506,10.024107
11,1048,0.524450,3.521503,9.373101
11,1019,0.551711,3.356161,8.546053
12,1135,0.492141,3.542779,10.318073
12,1059,0.692981,3.602491,9.932625
12,1042,0.530824,3.189293,8.602556
13,1165,0.522696,3.446760,10.031750
13,1093,0.668647,3.584897,9.935476
13,1088,0.492344,3.330658,8.970721
14,1258,0.664997,3.642957,11.808494
14,1118,0.742571,3.796022,10.247617
14,1118,0.661707,3.900826,10.605208
14,1105,0.682129,3.481281,10.388039
15,1267,0.716871,4.527253,11.492800
15,1127,0.737192,4.160456,10.789724
15,1127,0.871850,3.780926,10.944028
15,1118,0.808977,4.146573,9.725031
16,1292,0.840167,4.209724,11.796614
16,1174,0.840717,3.866518,10.498705
16,1174,0.749208,3.915170,10.487363
16,1164,0.647082,3.885673,9.125662
17,1190,0.777227,3.615711,9.854935
17,1194,0.768320,3.670242,10.734961
17,1194,0.908229,4.128240,10.627445
17,1181,0.722357,4.007465,9.477582
18,1247,0.811165,3.707340,10.484364
18,1294,0.936761,4.319961,10.401231
18,1294,0.907414,3.976071,11.056563
18,1294,0.881674,4.064043,9.981336
18,1288,0.714672,3.804741,9.218924
19,1387,0.858670,4.078980,11.323657
19,1268,0.859754,3.760745,10.195509
19,1268,0.936106,3.742057,9.912859
19,1268,0.935705,3.783389,9.582170
19,1263,0.654978,3.718252,8.665834
20,1406,0.851477,4.263970,10.948814
20,1289,0.862911,3.821797,9.805040
20,1289,0.872137,3.858456,9.820949
20,1289,0.808054,3.518902,9.303688
20,1286,0.748290,3.535261,8.458830
21,1403,0.858824,3.711950,10.474343
21,1314,0.885604,3.513244,9.706523
21,1314,0.935976,3.493111,8.551859
21,1314,0.891006,3.440855,8.492758
21,1307,0.963062,3.278076,7.350463
21,1307,0.800781,3.093387,7.133088
22,1251,0.720788,2.549792,8.137076
22,1333,0.646746,3.241354,7.754191
22,1326,0.849898,2.649538,7.678942
22,1326,0.773746,2.673874,7.799728
22,1322,0.637845,2.611408,7.257423
22,1420,0.821589,2.880976,8.544179
22,1361,0.728732,2.694231,8.147739
22,1361,0.762326,2.891731,8.377339
22,1361,0.787954,2.745623,7.920904
21,1346,0.579482,2.635609,7.461785
21,1346,0.732389,2.679297,8.092670
21,1346,0.808468,2.737903,8.051207
21,1346,0.756641,2.781585,8.374953
21,1346,0.925168,3.137271,9.347291
22,1528,0.869103,3.392582,10.950224
22,1431,0.846496,3.371078,10.447825
22,1431,1.012793,4.151566,10.344845
22,1431,1.046628,4.023669,11.241385
22,1421,0.884192,4.034661,10.397837
21,1411,0.976000,4.017376,11.244710
21,1411,1.282436,4.023331,11.327971
22,1573,1.025286,4.654880,13.031734
22,1484,1.103720,4.794722,11.806351
22,1474,1.197530,4.602253,12.748763
22,1474,1.116182,4.245150,12.184354
22,1463,1.016403,4.768630,11.513950
21,1454,1.141221,4.519039,11.421782
22,1514,1.213882,4.283356,12.070151
22,1470,1.077194,4.541670,10.992662
22,1445,1.244714,4.574672,11.352851
22,1445,1.090553,4.373789,10.811368
22,1445,1.232320,4.669621,10.685757
22,1437,0.943900,4.489929,10.184433
23,1509,1.149859,4.461269,10.823723
23,1459,1.008018,4.249530,9.882908
23,1442,1.139063,4.170934,9.742024
23,1442,1.067674,4.187041,10.211255
23,1439,1.102385,4.421139,10.196319
22,1420,1.027677,4.162667,10.013565
23,1506,1.011030,4.414908,10.899765
23,1465,1.053916,4.111551,10.788879
23,1443,1.146657,4.452855,10.974041
23,1443,1.123652,4.239550,10.839347
23,1438,1.003570,4.479271,9.961397
23,1438,1.090749,4.375161,10.230293
24,1530,0.991479,4.379055,11.188779
24,1478,1.035290,4.298834,11.343043
24,1465,1.147948,4.786519,10.461549
24,1465,1.219135,4.669536,10.476964
24,1461,1.045270,4.687673,10.474397
24,1461,1.087797,4.864373,10.365043
25,1558,1.200031,4.870413,12.078626
25,1532,1.331175,4.743761,11.370491
25,1510,1.239083,5.058361,10.772303
25,1510,1.213436,4.690094,10.948801
25,1510,1.346520,4.538609,10.924753
25,1505,0.981689,4.671868,10.000955
25,1612,1.255502,4.777381,11.447236
25,1522,1.163848,4.398000,10.687434
25,1501,1.176131,5.235875,10.886531
25,1501,1.324520,4.881742,10.602717
25,1501,1.095466,4.537507,10.364929
25,1493,0.948570,4.400757,9.930883
25,1587,1.254050,4.930865,11.030727
25,1546,1.128902,4.554870,10.456380
25,1527,1.175521,4.857179,10.813739
25,1527,1.188246,5.000931,10.403110
25,1527,1.249948,4.901722,10.374171
25,1518,1.216658,5.006346,9.338499
24,1504,1.043473,4.562252,9.441902
25,1558,1.257917,5.172822,10.402547
25,1509,1.067324,4.288765,9.662356
25,1493,1.019959,4.358169,9.774771
25,1493,1.087984,4.183068,9.583591
25,1493,1.071735,3.996280,9.310489
25,1489,0.921026,3.927825,8.139844
24,1472,0.961955,3.908637,8.635475
25,1586,1.060559,4.068087,9.888118
25,1497,0.973435,3.780404,8.926515
25,1496,1.047286,4.130676,9.553910
25,1496,1.171541,4.383878,9.628464
25,1496,1.122291,4.722166,9.509398
25,1491,1.096424,4.597815,9.294973
24,1472,1.020869,4.043926,9.649597
25,1579,1.032174,4.062045,10.744922
25,1479,1.066185,4.045839,9.762267
25,1465,1.099930,3.847570,10.372121
25,1465,1.322627,4.139858,9.777691
25,1457,1.002991,4.506687,9.432732
24,1446,0.952495,3.983818,10.381733
25,1552,1.069564,4.639882,11.794523
25,1484,1.190494,4.513986,10.262573
25,1465,1.248297,4.489207,10.337518
25,1465,1.118404,4.511721,10.846184
25,1465,1.131904,4.170189,10.090315
25,1454,1.017914,4.109016,9.167708
24,1436,1.085068,3.891746,10.064222
25,1592,1.132974,4.605957,11.175987
25,1520,1.479359,4.038560,10.442858
25,1507,1.253319,4.197430,10.728145
25,1507,1.183361,4.771164,10.780707
25,1507,1.367647,4.343501,10.313314
25,1502,1.210772,4.460117,9.628375
24,1480,1.091800,3.720601,10.120612
24,1480,1.096835,4.212807,10.461838
25,1576,1.113419,4.139856,11.184352
25,1485,1.154877,3.978841,10.594293
25,1470,1.469502,4.252662,10.617329
25,1470,1.157715,4.492347,10.762664
25,1464,1.097548,4.528692,10.776229
24,1443,0.913170,4.113489,10.447706
25,1571,1.150458,4.429205,12.241482
25,1507,1.325120,4.370468,11.388177
25,1482,1.303101,4.605098,11.278564
25,1482,1.291104,4.301309,11.408111
25,1482,1.205835,4.632414,11.226574
25,1477,1.030999,4.568527,10.335963
26,1493,1.353511,4.412570,11.981733
26,1521,1.191788,4.446032,11.719928
26,1492,1.293613,4.377947,11.994082
26,1492,1.353668,5.050346,11.937482
26,1492,1.388027,4.542849,11.617016
26,1485,1.329573,4.825242,10.922861
25,1460,1.310910,4.282743,11.055726
26,1494,1.219789,4.273317,11.811302
26,1514,1.191492,4.206743,11.561550
26,1491,1.115910,4.380947,11.810577
26,1491,1.301381,4.876754,11.653479
26,1491,1.331758,4.501857,10.975665
26,1488,1.276651,4.861026,10.103120
25,1460,1.204132,4.499272,10.396317
26,1532,1.212225,4.846740,11.299568
26,1510,1.363019,4.663950,10.397189
26,1495,1.342562,4.417272,10.373559
26,1495,1.160150,4.017213,9.753397
26,1495,1.124132,4.374240,9.501609
26,1490,0.936103,4.054082,8.673257
27,1655,1.126289,4.251564,11.053002
27,1557,1.232925,3.996242,10.565126
27,1553,1.177329,4.338710,10.125906
27,1553,1.338840,4.014992,9.516064
27,1553,1.129436,4.026221,9.932541
27,1548,0.972633,4.244911,8.477774
27,1548,1.111296,4.152105,9.527938
27,1548,1.132512,4.186743,9.148379
27,1548,1.190008,4.555803,9.809652
27,1548,1.172829,4.026330,9.521184
28,1618,1.082036,4.387019,10.411509
28,1580,1.123358,4.218835,10.378456
28,1568,1.224491,4.660875,10.366048
28,1568,1.182918,4.479162,9.728460
28,1568,1.223400,4.156394,9.526238
28,1562,1.193705,4.719097,9.605154
27,1540,1.138891,4.060742,9.501676
27,1540,1.088026,3.983475,9.447321
27,1540,1.055243,3.902070,9.687764
27,1540,1.208947,3.892908,10.665220
27,1540,1.184774,3.986243,10.720629
28,1601,1.245581,4.057516,11.272624
28,1612,1.286426,4.250148,11.104359
28,1603,1.374677,4.437338,10.963432
28,1603,1.279774,4.688345,11.062841
28,1603,1.190733,4.571692,10.953975
28,1595,1.222323,4.401466,10.172774
28,1595,1.295404,4.269322,9.864689
28,1595,1.164535,4.056982,9.783430
28,1595,1.311860,4.468215,9.983735
29,1613,1.309258,4.390061,10.316250
29,1596,1.152078,3.786724,10.637324
29,1576,1.182479,4.626595,9.976607
29,1576,1.223735,4.224834,9.780103
29,1576,1.262776,3.831965,9.702761
29,1576,1.345761,4.070315,9.052241
29,1569,1.203463,3.905057,8.595565
28,1550,1.114620,4.007998,9.519847
28,1550,1.299866,3.896518,9.357814
28,1550,1.222266,4.817408,10.650442
29,1609,1.178031,3.903252,11.031627
29,1578,1.249465,4.120004,9.744343
29,1564,1.302301,4.323032,10.401253
29,1564,1.281192,4.247910,10.398904
29,1564,1.342823,4.301630,10.257201
29,1562,1.321218,4.721331,10.441732
28,1546,1.347835,4.653558,11.257724
28,1546,1.249058,4.780650,10.909847
29,1575,1.318536,4.348783,11.991671
29,1629,1.389445,4.713556,11.596626
29,1590,1.456634,5.153705,12.085397
29,1590,1.640029,4.724288,12.000555
29,1590,1.455088,5.298362,11.929126
29,1586,1.632416,5.044230,10.637357
28,1578,1.325038,4.837557,11.042201
28,1629,1.441142,4.952642,11.217389
28,1626,1.507188,4.321876,10.442897
28,1588,1.518074,4.780218,10.145043
28,1588,1.359231,4.241912,9.856110
28,1588,1.388772,3.975632,9.298433
28,1588,1.360378,4.273896,9.228626
28,1582,1.148132,4.056761,8.772684
27,1571,1.147351,3.206665,8.731403
27,1571,1.134073,3.116631,7.923821
28,1571,1.036673,2.936801,8.447337
28,1632,0.965213,3.600549,9.544936
28,1586,1.091140,2.970275,9.046768
28,1586,1.179419,3.393367,9.683920
28,1586,1.248340,3.707084,10.295547
28,1581,1.214916,3.617344,10.360216
27,1558,1.266379,3.424183,11.866128
28,1619,1.412518,3.453882,11.933869
28,1648,1.418197,3.655318,11.738182
28,1614,1.268348,3.556712,12.363709
28,1614,1.440813,3.591543,11.823263
28,1614,1.489190,3.579037,11.819822
28,1601,1.381570,3.783349,10.831609
27,1578,1.310326,3.397092,11.575942
28,1616,1.346423,3.625334,12.325039
28,1592,1.442778,3.570708,12.170371
28,1564,1.401255,3.911023,12.011472
28,1564,1.566761,4.060592,11.847827
28,1564,1.479126,3.891913,11.317309
28,1561,1.515209,3.943358,11.476539
27,1546,1.378653,3.494032,11.993404
28,1639,1.374195,4.057611,11.578480
28,1622,1.309103,3.303296,10.693182
28,1603,1.315660,3.327976,10.519458
28,1603,1.336588,3.830835,10.621715
28,1603,1.204722,3.285143,10.376046
28,1599,1.234603,3.637604,10.052077
27,1577,1.241181,2.990116,9.960571
28,1735,1.330067,3.604463,11.598296
28,1619,1.264347,3.485401,10.965206
28,1607,1.364733,3.548106,11.738232
28,1607,1.390451,3.631075,11.415815
28,1607,1.384794,3.536155,11.234837
28,1599,1.469680,3.955950,10.391720
27,1578,1.290443,3.239701,10.536251
28,1686,1.283493,3.803285,12.157237
28,1615,1.324892,3.509780,11.731528
28,1596,1.361575,3.532529,11.828364
28,1596,1.402546,3.389697,10.962360
28,1596,1.415165,3.431311,10.311440
28,1590,1.359037,3.043594,9.728035
28,1590,1.329972,2.631200,11.512094
29,1694,1.299747,3.043152,10.710721
29,1610,1.204716,2.515864,9.651964
29,1600,1.345573,2.560692,10.112531
29,1600,1.257732,2.691527,9.615356
29,1600,1.245341,2.860942,9.963554
29,1598,1.284024,3.577558,10.031373
28,1586,1.380902,3.520710,11.689642
29,1609,1.372729,3.529244,11.422814
29,1596,1.353361,3.389240,11.809274
29,1568,1.418606,3.402348,11.041075
29,1568,1.478707,3.720652,11.410809
29,1568,1.488405,3.494625,11.844659
29,1567,1.661029,3.764402,11.155592
29,1567,1.453702,3.238442,9.871062
30,1699,1.431772,3.512723,11.372308
30,1635,1.376534,3.345655,10.375623
30,1621,1.536001,3.707192,10.939290
30,1621,1.330579,3.303911,10.429712
30,1621,1.345235,3.108131,9.509411
30,1619,1.258583,3.073830,8.824876
30,1619,1.058077,2.782758,8.627296
31,1677,1.168065,3.020377,9.815158
31,1644,1.312150,3.082263,9.753632
31,1624,1.292685,3.426945,10.300666
31,1624,1.423167,3.538257,10.863367
31,1624,1.543805,3.789140,10.722153
31,1621,1.452954,3.765543,11.180394
30,1609,1.945049,4.466909,12.321374
31,1609,1.658119,3.539227,11.251627
31,1627,1.582593,3.656159,12.452021
31,1598,1.547775,3.401127,11.750978
31,1598,1.642125,3.747118,11.812937
31,1598,1.524501,3.430931,10.968304
31,1598,1.466775,3.142481,10.804298
31,1595,1.631596,3.152428,9.673996
30,1584,1.313881,2.608510,9.503724
31,1751,1.325547,3.150026,10.885083
31,1655,1.484098,2.795755,10.098249
31,1650,1.286223,2.701423,9.436319
31,1650,1.362429,2.680526,9.311283
31,1650,1.442979,2.353211,9.621727
31,1649,1.197929,2.722535,9.148242
30,1640,1.326678,2.517709,9.995280
29,1627,1.295521,2.807593,10.616002
29,1627,1.433054,3.134831,10.725188
30,1645,1.499286,3.519444,11.691156
30,1666,1.569242,3.645218,11.879665
30,1637,1.368337,3.449425,12.423209
30,1637,1.710336,3.556479,12.237651
30,1637,1.680055,3.642960,12.317686
30,1635,1.444075,3.637855,11.786930
29,1622,1.327383,3.433889,11.708880
30,1555,1.438147,3.294431,11.736209
30,1673,1.440144,3.592876,12.004410
30,1642,1.565742,3.412981,10.954996
30,1642,1.584604,3.456284,10.795715
30,1642,1.456840,3.106913,10.895345
30,1642,1.459732,3.076745,9.817663
30,1641,1.672524,3.386927,8.956661
29,1637,1.120927,2.758821,8.180672
30,1726,1.105001,2.865394,9.462297
30,1685,1.227762,2.625263,8.273428
30,1673,1.088287,2.702826,7.833269
30,1673,1.006196,2.659636,7.824556
30,1673,1.115441,2.580212,7.563484
30,1668,0.990935,2.691427,7.021873
29,1655,0.900590,2.511649,8.028053
30,1761,0.991012,3.047259,9.917272
30,1728,1.154906,2.876075,10.694963
30,1720,1.271131,3.677046,11.340566
30,1720,1.481894,4.032932,11.261654
30,1720,1.447921,3.718089,11.137309
30,1716,1.432158,3.944502,11.266083
29,1696,1.424381,3.457269,11.506289
30,1723,1.493646,3.491356,12.796134
30,1707,1.490437,3.561730,11.862527
30,1684,1.499638,3.799971,11.767528
30,1684,1.678321,3.784288,11.808160
30,1684,1.534335,3.729294,11.634821
30,1684,1.637642,3.932907,11.029568
30,1677,1.687270,3.997578,11.542710
30,1677,1.683149,3.699204,11.102179
31,1687,1.669538,3.658680,13.938824
31,1636,1.877290,3.516706,12.127169
31,1604,1.707117,3.497490,12.094615
31,1604,1.780146,3.692263,11.823615
31,1604,1.647282,3.817954,12.117120
31,1604,1.725852,3.617586,11.913739
31,1603,1.998592,4.175411,11.297862
31,1603,1.569677,3.371619,10.883647
32,1612,1.516171,3.216658,10.757696
32,1610,1.437357,3.148274,10.047980
32,1591,1.364211,3.035054,9.365393
32,1591,1.375185,3.062645,9.234839
32,1591,1.343214,2.917877,9.019970
32,1590,1.313275,3.155094,9.493495
32,1590,1.222138,3.089184,10.261576
33,1613,1.411987,3.883385,11.263517
33,1627,1.665466,3.601437,12.158720
33,1591,1.951413,3.468635,11.860836
33,1591,1.846557,3.760666,11.848495
33,1591,1.672390,3.588371,11.584682
33,1591,1.629318,3.404157,12.041584
33,1591,1.861218,4.026306,11.406864
33,1591,1.799800,3.568037,10.567556
34,1546,1.489061,3.364254,11.148570
34,1668,1.630036,3.665763,12.156766
34,1630,1.766446,3.581104,11.378644
34,1630,1.872419,3.723602,12.393972
34,1630,1.756229,3.796699,11.736841
34,1630,1.813360,3.793454,12.302093
34,1628,1.978902,3.881006,12.092034
34,1628,1.604997,3.841248,12.049311
35,1628,2.334145,4.136587,12.634146
35,1706,1.815744,4.095688,13.380176
35,1630,2.046172,4.346849,13.479535
35,1630,2.015681,3.864714,12.807015
35,1630,1.924668,4.000390,12.070674
35,1630,1.974322,4.001616,11.313293
35,1630,2.104478,3.810465,11.568632
35,1628,1.744651,3.923486,10.907432
34,1618,1.762653,3.691845,11.312415
35,1618,1.757440,3.438240,11.052082
35,1710,1.498176,3.745761,12.286451
35,1628,2.115691,3.707607,10.935037
35,1628,1.713261,3.593606,11.580048
35,1628,1.803068,3.548065,11.374647
35,1628,1.951177,3.554547,10.309432
35,1628,1.632662,3.802878,10.939526
35,1628,1.519957,3.373250,10.718058
35,1546,1.676469,3.171662,11.001675
35,1676,1.667514,3.524567,14.861620
35,1643,1.842132,3.742678,12.221343
35,1643,1.925265,4.031338,12.417581
35,1643,1.930268,3.913714,11.929916
35,1643,1.850909,3.804957,11.898085
35,1641,2.047147,4.092733,11.817696
34,1628,1.670458,3.817374,13.231517
35,1628,2.099283,4.264653,12.827079
35,1686,2.214711,4.115074,13.082231
35,1619,2.034656,4.106349,13.264331
35,1619,2.025349,4.127412,12.367866
35,1619,1.934038,3.950915,11.955168
35,1619,1.876409,3.743354,11.550537
35,1618,1.890706,3.581285,10.744534
35,1618,1.765206,3.507518,10.681284
34,1608,1.532603,3.001773,9.755375
35,1576,1.539964,2.765154,10.016310
35,1618,1.551672,3.133011,10.103261
35,1592,1.557374,2.795708,10.416450
35,1592,1.678900,2.952570,12.419259
35,1592,1.656085,2.863736,9.990845
35,1592,1.531508,2.777052,9.800162
35,1591,1.451608,2.870104,10.229780
34,1584,1.375799,3.677493,10.122713
33,1572,1.857475,2.619120,8.487599
33,1572,1.393459,2.760726,10.483756
34,1579,1.815339,3.178796,11.832063
34,1661,1.655166,3.155681,11.547853
34,1629,1.626298,3.303509,11.828582
34,1629,1.746986,3.653977,11.910360
34,1629,1.802595,3.679031,12.714419
34,1629,1.736903,3.601150,12.695242
34,1626,1.922665,4.085392,12.211421
33,1620,1.603414,3.847196,12.149868
34,1620,1.961802,3.971447,12.863260
34,1699,1.980530,4.345882,12.616696
34,1609,2.240449,3.729077,13.171000
34,1609,2.154841,3.869530,13.230411
34,1609,2.110550,4.087182,12.291509
34,1609,2.037890,3.804745,11.927328
34,1607,1.756970,3.712959,10.792880
34,1607,1.756344,3.318503,10.752157
33,1598,1.676105,3.199051,10.199981
34,1579,1.661321,3.280693,9.694374
34,1641,1.437305,2.962989,8.734724
34,1613,1.374496,2.861623,8.435305
34,1613,1.516755,3.152183,8.649133
34,1613,1.458517,2.891891,8.502850
34,1613,1.328418,2.728828,8.011125
34,1613,1.365381,2.808276,6.576636
34,1613,1.205050,2.374068,6.466603
35,1629,1.083213,2.508452,7.086957
35,1592,1.122622,2.393847,6.419413
35,1592,1.118814,2.500310,7.151640
35,1592,1.116988,2.666619,6.900289
35,1592,1.112760,2.517414,7.289506
35,1591,1.088526,2.751511,7.055547
34,1574,1.023793,2.470557,7.057231
35,1683,1.152766,2.812837,8.463353
35,1630,1.166892,2.697353,8.514123
35,1630,1.244254,3.230534,9.271654
35,1630,1.395094,3.206551,9.712295
35,1630,1.566669,3.942461,10.120558
35,1627,1.531383,3.490229,8.988984
34,1621,1.492115,3.884570,9.003290
35,1702,1.633614,3.627807,10.622654
35,1672,1.784669,3.416697,11.008911
35,1659,1.991132,3.634264,10.398252
35,1659,1.709591,3.619101,11.330295
35,1659,1.716141,3.700954,11.478038
35,1659,1.743472,4.178817,11.421165
35,1659,1.979101,3.646465,10.723122
35,1655,1.812585,4.105642,11.219620
34,1644,1.758782,3.544086,12.356375
35,1644,2.102659,3.556151,11.503364
35,1664,1.791841,3.545572,12.069392
35,1617,1.775217,3.482219,11.363048
35,1617,2.056247,4.175061,11.649456
35,1617,1.856018,3.750838,11.738458
35,1617,1.899094,3.656064,12.338983
35,1613,1.870517,3.845496,11.776876
34,1605,1.547192,3.591802,11.449442
35,1605,1.775766,3.339533,11.014511
35,1653,1.595524,3.857229,11.849813
35,1614,1.765836,3.461783,10.874835
35,1614,1.802131,3.489038,11.425544
35,1614,1.753142,3.443492,11.281448
35,1614,1.786418,3.430948,11.314768
35,1612,1.866542,3.764690,11.403662
35,1612,1.733936,3.429107,11.332541
36,1612,1.769630,3.418109,11.244640
36,1626,1.883068,3.479630,12.281830
36,1561,1.993747,3.456613,11.755754
36,1561,2.061361,3.899555,12.361963
36,1561,2.132857,3.626172,11.982306
36,1561,1.954452,3.464722,12.098285
36,1560,1.883474,3.617557,12.250022
36,1560,1.753275,3.404874,11.759343
37,1560,1.965382,3.337404,11.758237
37,1646,1.786764,3.422649,13.006044
37,1588,2.069248,3.314562,12.408953
37,1588,2.114799,3.711892,12.264264
37,1588,2.101730,3.521758,12.648185
37,1588,2.091907,3.552263,12.566186
37,1588,1.995463,3.589561,11.547249
36,1583,1.577462,3.513881,12.337382
37,1583,1.935181,3.961233,12.606029
37,1646,1.935493,3.594463,13.053663
37,1606,1.992151,3.753776,11.639975
37,1606,2.203568,4.051836,12.442560
37,1606,2.219936,3.966313,12.247217
37,1606,2.290543,4.462096,12.170844
37,1605,2.191159,3.984973,11.467101
37,1601,2.128742,3.578680,11.645200
37,1600,1.819150,3.521988,11.395654
37,1647,2.237733,3.677047,11.600451
37,1596,1.907136,3.231780,11.475579
37,1596,1.957961,3.381015,11.235426
37,1596,2.312574,3.349277,10.502089
37,1596,1.800768,3.090867,10.264503
37,1594,1.792427,3.181599,9.519401
36,1567,1.577801,3.099881,10.211238
35,1558,1.482093,2.761273,8.806511
36,1619,1.484806,2.776650,9.775041
36,1592,1.494060,2.668921,9.232683
36,1579,1.427518,2.620341,8.773706
36,1579,1.470957,2.577270,8.678511
36,1579,1.450295,2.573321,8.555954
36,1579,1.405661,2.452154,7.853298
36,1579,1.380261,2.462864,7.403588
35,1575,1.136209,2.019674,7.033536
36,1702,1.253033,2.353554,8.177629
36,1641,1.166706,1.970275,7.340080
36,1636,1.161640,2.030831,7.511659
36,1636,1.158625,1.929952,7.092247
36,1636,1.079809,1.865927,6.609226
36,1633,1.367080,1.915462,5.741028
35,1626,0.971829,1.701899,6.499353
35,1626,1.004371,1.545280,6.285087
36,1712,0.975799,1.641383,7.334315
35,1664,1.014812,1.692552,6.386976
35,1664,0.939915,1.749050,6.387184
35,1664,1.238439,1.780346,6.062346
35,1664,0.837231,1.402138,5.782419
35,1662,1.926682,1.476005,5.028445
35,1662,0.864390,1.380389,5.679049
36,1812,0.778808,1.583727,7.030023
36,1775,0.813613,1.432926,7.087496
36,1775,0.892182,1.550986,6.582509
36,1775,0.824109,1.659283,6.631671
36,1775,0.868639,1.535565,5.986193
34,1770,1.194192,1.463634,5.228315
34,1768,0.732513,1.356526,5.413312
33,1767,0.736543,1.306789,5.377924
34,1929,0.735134,1.639667,7.327206
35,1892,0.753930,1.580870,6.602990
34,1892,0.723922,1.471865,6.357146
34,1892,0.708355,1.428625,6.274004
34,1887,0.677192,1.608306,5.797255
34,1887,0.633913,1.371108,6.105292
33,1882,0.650622,1.393673,5.470818
34,2003,0.679018,1.415670,6.974816
34,1970,0.788012,1.416963,6.280718
34,1970,0.695476,1.453904,5.832829
24,1925,0.567951,1.419273,5.659382
29,1936,0.631291,1.483608,5.078656
27,1924,0.545554,1.324434,5.339589
28,2014,0.519119,1.400569,6.451394
28,1983,0.570270,1.338762,6.211606
28,1983,0.583097,1.415932,5.749246
28,1983,0.564700,1.351892,6.014968
18,1905,0.501569,1.443527,5.025931
18,1910,0.494189,1.613203,5.361220
18,2002,0.399837,1.550625,7.028335
18,1997,0.452196,1.655669,6.426274
17,1945,0.492081,1.467275,5.879081
17,1945,0.482663,1.396568,5.564976
17,1942,0.523638,1.233329,4.181849
20,1988,0.496081,1.164219,4.851935
12,1938,0.344918,1.258411,5.275362
14,1947,0.453951,1.166889,5.555087
17,2019,0.537694,1.049420,4.789648
12,1582,0.341791,0.913466,4.618633
14,1953,0.397971,0.901231,3.426233
14,1953,0.416796,0.868572,4.207769
12,1565,0.290381,0.831360,4.621455
15,2048,0.488906,0.981313,4.460533
40,2181,0.669876,1.056178,4.258052
19,2068,0.465578,1.003530,4.235376
40,2172,1.018489,0.935216,3.354666
36,2167,0.596340,0.842269,3.728009
40,2222,0.602907,1.028837,5.061062
40,2219,0.694970,1.104657,4.863470
40,2219,0.687394,1.132868,5.013295
40,2219,0.765639,1.151932,4.614662
40,2216,0.721154,1.036572,3.877439
37,2205,0.642501,1.073300,4.587784
35,2194,0.661386,1.115834,4.666014
37,2194,0.699201,1.212153,4.567346
38,2194,0.763427,1.260707,4.439708
38,2194,0.760081,1.234180,4.405721
39,2270,0.676129,1.305831,5.117592
39,2220,0.678436,1.333984,4.992929
39,2220,0.712894,1.416932,4.654591
39,2220,0.710737,1.433805,4.735183
39,2215,0.762423,1.695754,4.654510
37,2197,0.720458,1.498131,5.211162
37,2197,0.933344,1.826586,5.392863
37,2197,0.723801,1.875297,4.627532
38,2332,0.866258,1.985997,6.508590
38,2303,0.879765,2.192918,5.768117
38,2303,0.785731,1.820907,5.945612
38,2303,0.799625,1.758422,5.623956
38,2298,0.898929,1.982171,4.770774
37,2283,0.731071,1.550841,5.186481
37,2416,0.753201,1.803711,6.676005
38,2366,0.819116,2.207798,6.167149
37,2366,0.990207,1.983393,6.468286
37,2366,0.796758,1.856582,6.220769
37,2355,0.832124,2.086126,5.463206
37,2355,0.800154,1.891622,5.943448
38,2477,0.759449,2.097321,6.791330
38,2417,0.810304,2.644535,5.969234
38,2417,0.881746,2.335945,6.619798
38,2417,0.892328,2.394763,6.669898
38,2410,0.825985,2.333740,5.805253
38,2410,0.869072,2.248183,5.152666
39,2457,0.858451,2.342251,7.222247
38,2438,0.775823,2.310902,6.864097
39,2441,0.966768,2.654808,7.033396
38,2440,0.950055,2.974748,6.969189
38,2433,0.915117,2.755880,6.476199
37,2421,0.859398,2.662709,6.872522
38,2521,0.966402,2.629727,7.388516
37,2455,0.863808,2.595994,7.171243
37,2455,1.004967,2.873866,7.531914
37,2455,1.006847,2.873908,7.045896
37,2450,0.995974,2.882127,6.501920
36,2438,0.883971,2.760322,7.161587
37,2518,0.918810,2.888251,7.334772
37,2471,0.929435,2.800421,7.076767
36,2432,1.076905,3.224616,7.976186
38,2481,1.107234,3.174888,7.801880
38,2473,1.053295,3.631287,7.445741
37,2463,0.984722,3.158720,7.825362
38,2569,1.078081,3.423732,8.758691
38,2529,1.102930,3.343319,8.361239
40,2529,1.210133,3.701826,8.467713
40,2529,1.264502,3.795925,8.987038
39,2523,1.351020,3.772244,8.826812
38,2507,1.086038,3.668599,9.261636
40,2616,1.230105,3.900184,10.279579
40,2554,1.220774,3.722786,10.577452
39,2549,1.284356,3.928236,10.415980
39,2549,1.371319,3.789681,9.535121
39,2549,1.407200,4.150747,9.688342
39,2541,1.326295,4.067165,8.987201
38,2522,1.169186,3.584101,9.291319
39,2626,1.182115,3.906150,10.237876
39,2557,1.221742,4.063037,10.387884
39,2557,1.336291,3.962388,9.601136
40,2557,1.324615,3.874968,9.046193
40,2547,1.301748,3.609895,8.620147
40,2547,1.256720,3.291466,8.770422
41,2616,1.317766,3.737664,9.173195
41,2552,1.403482,3.129509,8.801305
41,2552,1.285267,3.411471,8.803214
41,2552,1.261452,3.317462,9.095012
41,2547,1.149535,3.127753,8.240441
41,2547,1.191440,3.143514,8.706803
41,2547,1.228796,2.967526,8.615356
41,2547,1.406666,3.011623,8.041106
41,2654,1.204570,3.137267,9.219696
41,2569,1.185875,2.855429,8.848532
41,2569,1.269738,3.221133,9.614631
41,2569,1.244525,2.976122,9.206006
40,2564,1.139344,2.854948,8.522473
40,2564,1.191381,2.825522,9.096517
40,2564,1.197029,2.721042,8.679564
39,2554,1.196456,2.684865,8.865377
39,2554,1.203688,2.511224,8.567236
39,2554,1.188573,2.488810,8.270606
41,2745,1.176527,2.736493,10.608973
41,2641,1.191545,2.622245,9.536451
40,2640,1.265086,2.881022,10.222452
40,2640,1.193920,2.843466,10.158737
40,2636,1.063457,2.963616,8.992671
38,2606,1.035940,2.660821,9.554945
39,2618,1.119727,2.339557,8.811072
39,2618,1.079519,2.395846,8.563049
39,2618,1.121316,2.504651,8.842096
39,2618,1.096698,2.312248,8.445912
40,2798,1.135105,2.621294,10.304367
40,2693,0.997490,2.466906,9.814558
40,2693,1.170139,2.651619,10.184055
39,2684,1.178866,2.753670,9.922794
40,2685,1.088439,2.586558,9.270696
42,2689,1.024986,2.455258,9.364626
40,2685,1.025166,2.289530,9.337170
39,2676,1.237153,2.606629,8.936407
40,2685,0.940485,2.258460,9.114092
40,2685,0.952452,2.536702,8.831254
41,2831,1.052686,2.688590,11.048608
41,2737,0.967521,2.686331,9.498791
41,2737,1.185544,2.768468,9.896564
43,2741,1.132465,2.764817,9.346249
43,2733,1.044494,2.691790,8.278234
43,2733,1.020103,2.532343,8.746026
42,2902,1.047518,2.941681,9.914899
41,2815,1.237937,2.686617,8.818937
42,2815,1.148327,2.797152,8.727087
34,2756,0.938231,2.777382,8.874564
33,2759,0.858061,2.520526,7.624008
32,2747,0.939049,2.473169,8.012789
33,2985,0.831739,3.073269,10.448473
32,2854,0.830800,3.067837,9.056222
31,2818,0.833937,2.853411,9.041332
30,2818,0.817496,2.603951,8.624778
28,2803,0.771285,2.980323,8.388702
30,2802,0.853077,2.795359,7.211432
35,2898,0.966711,2.382111,7.696323
35,3061,0.883526,2.752315,8.763990
34,2931,0.809325,2.394582,7.981502
30,2897,0.882074,2.398503,7.939552
30,2897,0.862140,2.198477,7.358820
30,2897,1.041387,2.092923,7.017563
30,2890,0.796778,1.799226,6.085979
31,2893,0.855280,1.743996,6.621547
35,3032,0.969045,2.389066,7.652670
38,2949,1.360179,2.128719,7.443831
38,2949,1.017160,1.885448,7.200294
37,2949,0.965117,1.927366,6.482868
45,2965,0.880835,1.707768,5.411577
47,2965,0.916681,1.736047,6.562802
48,2965,0.975543,1.729463,5.898348
45,2965,1.004502,1.686273,6.009922
47,2965,0.940916,1.653753,5.815654
48,2965,1.036885,1.779382,5.984076
49,2997,0.891727,1.697073,7.123115
49,2932,1.290570,1.830194,6.653710
49,2932,1.012041,1.812541,6.924851
49,2932,1.010144,1.924437,6.546563
49,2930,1.008480,1.783853,5.942026
49,2930,1.006941,1.946323,6.884712
49,2930,1.225340,2.159700,6.727980
49,2930,1.095018,1.732059,6.163391
50,3093,1.021017,2.208967,7.647339
50,3003,0.904916,2.128909,7.288656
50,3003,1.102625,2.480918,7.663623
50,3003,1.113771,2.444083,7.621944
49,2995,1.047974,2.513977,6.767131
49,2995,1.038575,2.535053,7.900089
49,2995,1.074743,2.469988,7.417445
49,2995,1.152213,2.515614,7.654733
48,2995,1.170001,2.487565,7.112099
49,2995,1.141956,2.497825,6.961317
49,2995,1.157212,2.432158,7.259427
50,3149,1.250007,2.752329,8.992713
47,3074,1.058980,2.677288,8.004053
47,3052,1.219230,2.777408,8.531880
50,3058,1.238676,2.748248,8.340290
51,3058,1.208469,2.686451,7.947891
47,3046,1.111588,2.596382,7.010387
50,3052,1.155277,2.552081,7.638102
47,3201,1.190737,2.840621,8.917537
51,3102,1.212266,2.558695,7.600306
47,3082,1.192776,3.033658,8.202350
51,3102,1.274017,2.887246,7.690466
48,3096,1.236091,2.775558,7.886757
48,3089,1.195053,2.952282,7.327891
46,3067,1.073029,2.805994,7.491926
47,3203,1.223137,3.328245,9.005467
48,3098,1.259305,2.883413,8.296600
48,3096,1.349887,3.117622,8.759603
48,3096,1.321305,3.289685,8.847878
49,3107,1.396109,3.293293,8.706690
49,3104,1.268604,3.415087,7.895717
49,3104,1.348677,3.209090,8.105168
50,3234,1.344944,3.650429,9.586080
50,3156,1.335095,3.219816,8.466763
50,3147,1.354889,3.335015,8.993193
50,3147,1.469198,3.514954,9.187831
49,3145,1.406229,3.517241,9.018332
48,3142,1.394433,3.519263,8.705144
50,3142,1.355610,3.429908,8.091556
48,3127,1.329508,3.503218,8.180812
48,3114,1.301231,3.308305,7.945207
48,3114,1.383296,3.494262,7.812323
49,3161,1.335578,3.508265,8.888336
49,3105,1.443820,3.483419,8.919503
49,3098,1.495917,4.088266,9.257681
49,3102,1.630478,3.865501,9.718904
48,3090,1.569227,3.919521,9.100841
49,3098,1.464194,4.455302,9.147071
51,3121,1.388150,4.068293,9.878303
55,3195,1.574137,4.151543,10.567700
52,3179,1.604445,4.124783,10.021397
53,3160,1.657374,4.126600,10.143575
54,3160,1.762960,4.571459,11.078757
52,3159,1.687730,4.386551,10.724164
55,3160,1.697589,4.550323,10.502040
55,3157,1.599430,4.344269,9.775181
55,3157,1.611327,4.143193,9.785314
52,3217,1.544740,4.040215,10.246310
55,3207,1.619031,3.996116,9.936708
56,3185,1.522764,4.025693,9.894527
52,3170,1.715284,4.238085,10.131851
52,3170,1.610101,4.118333,9.708590
54,3185,1.594467,3.999508,9.513410
53,3175,1.558588,3.968376,8.798714
53,3178,1.536831,3.744824,8.826066
53,3178,1.500004,3.560040,8.895469
54,3179,1.551100,3.421490,10.191781
55,3180,1.546415,3.517800,9.970069
56,3194,1.546723,3.500008,9.981839
54,3166,1.536627,3.593410,9.752966
56,3181,1.716824,3.888562,10.560081
57,3181,1.721030,3.985654,10.229361
55,3181,1.615128,3.818875,10.000888
55,3179,1.578650,3.762337,9.990054
54,3178,1.602020,3.440840,10.333822
56,3179,1.607649,3.404891,9.312790
53,3161,1.507922,3.749147,10.150414
54,3171,1.641555,3.177227,9.699361
52,3270,1.584177,3.566755,11.320078
52,3186,1.475580,3.240601,10.462794
53,3193,1.564968,3.528544,10.570225
51,3154,1.597277,3.542875,11.029784
53,3193,1.578399,3.350148,10.947787
51,3154,1.557757,3.398534,10.899813
51,3149,1.478207,4.630296,9.682220
51,3149,1.500142,3.202257,10.176888
51,3149,1.489679,3.496904,9.195408
51,3149,1.524601,2.814404,9.447148
52,3356,1.534051,3.512404,12.665536
52,3232,1.497582,3.299526,11.289410
52,3208,1.455315,3.127285,10.580354
51,3180,1.589820,3.344918,11.252273
52,3208,1.550988,3.192691,10.433257
54,3249,1.535314,3.203968,10.336770
54,3245,1.624211,3.470127,9.713081
51,3194,1.416891,3.189414,10.354009
51,3191,1.447627,2.846613,9.701897
51,3194,1.424070,2.808082,9.573847
52,3374,1.422009,3.362062,12.028718
52,3243,1.452612,2.917448,10.198048
52,3221,1.407376,3.063841,10.595060
52,3221,1.567485,3.304904,10.546910
52,3221,1.460666,3.128333,10.503152
52,3221,1.478785,3.163442,10.079054
52,3219,1.357235,3.115265,9.249972
52,3219,1.343391,2.984143,10.384462
52,3219,1.308411,2.857750,9.265085
54,3279,1.353111,2.835609,9.202753
53,3368,1.326733,3.104504,10.736183
57,3313,1.372273,2.782694,9.522457
56,3295,1.366605,2.999528,9.241241
57,3297,1.417286,2.910378,9.585072
56,3295,1.409270,2.948686,9.496784
59,3297,1.470133,2.931792,9.208077
58,3294,1.319017,2.958674,8.278877
58,3294,1.308388,2.768670,8.930206
44,3157,1.123339,2.548588,7.924678
44,3174,1.102425,2.519329,7.712610
45,3357,1.103159,2.995070,10.100158
42,3248,0.993385,2.567726,8.505816
43,3245,1.185100,2.723813,8.700155
43,3243,1.173148,2.633498,8.629842
48,3353,1.265644,2.570773,7.657169
48,3353,1.184445,2.409330,7.607114
46,3327,1.140367,2.381444,6.892710
46,3315,1.147294,2.106589,7.096182
47,3422,1.142830,2.474152,7.813479
43,3276,1.062732,2.029437,6.440058
44,3279,1.112927,2.136437,7.076103
41,3244,1.046673,2.047987,6.753022
44,3279,1.109566,2.012778,6.934403
46,3311,1.129330,2.015774,6.366073
41,3229,1.003681,2.016519,5.588218
45,3283,1.080272,1.859264,6.193982
49,3391,1.079362,2.337477,7.405709
61,3316,1.198963,1.887651,6.418375
58,3315,1.254809,2.036266,6.555198
59,3316,1.236155,1.971774,6.610258
57,3314,1.243498,2.006446,6.354926
60,3312,1.292637,2.006778,6.630654
56,3309,1.149936,1.960694,6.703096
62,3437,1.267816,2.058003,7.243527
62,3341,1.288624,1.975835,6.249304
62,3341,1.281002,2.237652,6.752845
63,3341,1.286522,2.252278,6.788560
64,3341,1.356071,2.217442,6.846512
63,3336,1.232233,2.394062,5.973478
63,3336,1.278711,2.411240,6.981198
64,3476,1.233482,2.792965,7.791007
62,3340,1.342576,2.533228,7.248770
60,3318,1.345701,2.875790,7.792819
60,3318,1.396054,3.156807,8.240643
61,3322,1.492850,3.248505,7.902746
62,3334,1.526421,3.255085,7.610093
63,3334,1.461059,3.332511,8.820545
65,3335,1.609069,3.130937,8.151134
65,3335,1.601913,3.172880,8.552237
65,3335,1.691954,3.135164,8.863267
66,3405,1.679080,3.693543,10.009140
66,3344,1.653650,3.360057,9.586050
63,3315,1.574994,3.400678,9.128567
66,3316,1.800985,3.733342,10.017703
66,3316,1.839715,3.641329,10.137391
66,3316,1.796539,3.658349,10.277173
66,3313,2.297897,3.821739,9.534384
64,3313,1.671973,3.593391,9.730888
59,3268,1.656646,3.293966,9.296536
58,3257,1.682676,3.192495,8.947187
58,3257,1.546342,3.013397,8.735952
59,3408,1.584235,3.677272,10.640616
59,3307,1.509642,3.088297,9.147625
59,3291,1.400744,3.134808,8.895254
56,3215,1.646936,3.357008,9.070448
60,3288,1.712474,3.359260,8.607335
60,3288,1.665154,3.129164,8.645581
60,3283,1.638045,3.048215,7.206324
60,3283,1.360223,2.908095,7.906398
60,3283,1.421928,2.668421,7.720004
61,3437,1.542818,3.000455,9.178417
61,3306,1.481096,2.644348,8.341759
61,3293,1.416020,2.704023,7.624432
61,3293,1.455792,2.801264,7.670368
57,3220,1.386967,2.758564,7.404041
57,3220,1.317226,2.742874,7.834065
57,3216,1.228392,3.251573,6.182646
57,3216,1.295351,2.737532,8.184851
56,3328,1.439557,2.971165,8.489678
60,3332,1.373775,2.823266,7.999203
60,3328,1.541816,2.889451,7.980760
60,3327,1.530315,3.099817,8.316914
58,3273,1.484557,3.124536,8.421249
60,3327,1.574477,3.182554,8.183914
60,3325,1.628366,3.499554,7.688014
56,3231,1.442375,3.297822,8.528788
57,3327,1.501579,3.382175,9.775192
58,3269,1.561487,3.407625,9.387721
60,3324,1.588354,3.550955,9.147774
60,3319,1.878207,4.001768,9.090623
61,3344,1.858433,3.927692,9.359679
60,3319,1.780791,4.004221,9.364668
62,3358,1.684967,4.244863,8.664349
62,3356,1.685494,3.985557,9.353813
62,3356,2.002646,4.234734,8.799208
64,3357,2.234312,4.326576,9.189649
61,3357,1.683180,4.374890,9.219282
63,3364,1.616970,4.403121,9.078850
62,3355,1.777451,4.755977,9.862114
62,3355,1.903024,4.494343,9.467847
65,3381,1.819592,4.485220,9.394403
65,3378,1.828255,4.937651,8.828287
67,3383,1.632519,4.395602,10.147967
70,3384,1.964965,4.174876,9.025500
71,3353,2.061282,4.061986,9.915102
71,3330,1.918973,4.034564,10.250873
71,3306,2.374050,3.968410,10.037973
67,3303,2.070197,4.398918,10.622123
71,3306,2.018525,4.165471,10.439472
71,3306,2.077591,4.136403,10.327324
68,3302,1.915477,3.996423,9.941230
71,3303,1.812465,4.117144,11.009608
70,3293,1.987282,3.748832,9.791808
70,3293,1.924763,3.686664,10.143862
70,3293,1.993983,3.715569,9.889776
67,3328,2.023371,3.839792,10.561631
71,3359,1.915243,4.052691,11.064526
66,3319,1.960114,3.783446,10.795416
64,3313,1.892910,3.848554,10.791016
66,3319,2.016321,4.136542,11.346831
66,3319,2.028842,4.061846,10.990752
65,3309,1.983407,4.093810,11.003105
65,3308,1.894880,4.102618,10.276221
65,3308,1.768449,4.135106,10.570451
65,3308,2.045361,3.731499,9.753027
64,3301,1.810924,3.612482,9.439195
65,3432,1.819981,3.710520,10.965010
62,3358,1.910584,3.664835,10.040146
61,3319,1.670437,3.759766,9.700841
62,3337,1.809852,3.753924,9.972677
61,3319,1.841628,3.603610,9.699943
59,3303,1.806482,3.569418,9.711699
62,3331,1.827248,4.013190,9.123711
59,3297,1.625985,3.552767,9.660447
61,3320,1.654566,3.386056,9.558698
59,3305,1.719235,3.448020,9.564265
62,3471,1.698960,3.801637,11.421529
61,3364,1.701937,3.491441,10.591713
62,3341,1.731795,3.419328,10.335819
61,3330,1.874519,3.960279,10.936977
63,3310,1.904528,4.129443,11.047689
60,3283,1.891461,3.390564,10.950184
60,3279,1.799007,3.461930,10.298153
60,3279,1.712962,3.422720,10.989569
61,3292,1.861547,3.221854,10.473012
63,3316,1.821201,3.089274,9.887210
64,3517,1.835024,3.409967,11.644594
63,3402,1.871393,3.115272,10.335487
63,3381,1.967674,3.740177,9.990056
63,3381,1.763010,3.351508,10.722682
65,3426,1.809999,3.319853,10.191686
66,3430,1.825022,3.522898,10.145104
67,3450,1.814123,3.475905,10.280041
66,3430,1.718879,3.394797,9.197050
67,3450,1.640321,3.321821,10.522154
70,3469,1.685079,3.067167,9.329535
71,3501,1.710010,3.238333,9.560965
72,3418,1.686673,3.028169,9.074828
72,3404,1.635913,3.091748,9.236989
71,3402,1.771883,3.261742,9.722617
71,3402,1.741357,3.290758,9.813713
72,3404,1.778996,3.350313,9.740571
72,3400,1.812914,3.255529,8.813417
72,3400,1.565716,3.188256,10.048381
71,3400,1.677309,2.977592,9.388231
71,3400,1.692449,2.970404,9.209712
68,3381,1.589449,2.902331,9.279231
70,3569,1.690768,3.288461,11.165385
69,3446,1.715830,2.985622,10.497116
69,3434,1.781258,3.027354,9.672341
69,3434,1.753127,3.203562,10.324089
69,3434,1.749762,3.128459,9.975010
68,3427,1.813453,3.303205,9.557927
67,3424,1.679493,3.157945,9.407226
67,3421,1.559532,3.378393,8.333549
68,3425,1.494366,3.049879,8.784877
66,3412,1.385216,3.116813,8.402925
67,3412,1.495021,2.794905,7.208343
65,3452,1.411776,2.827537,8.479584
57,3378,1.296206,2.758337,7.789915
56,3378,1.407613,2.887095,8.281954
57,3408,1.468118,2.816429,8.360018
55,3402,1.438214,2.739765,7.806331
55,3424,1.409449,2.720675,7.744941
60,3448,1.380471,2.521334,6.643221
58,3435,1.327442,2.427571,7.712032
63,3462,1.423311,2.140157,6.874086
62,3461,1.463456,2.028555,7.023439
64,3727,1.498404,2.702910,8.992580
72,3583,1.455297,2.045085,7.417850
70,3575,1.466661,2.288808,7.630098
74,3577,1.575212,2.581594,7.601586
75,3577,1.540240,2.625138,7.666875
75,3577,1.620208,3.191883,7.980995
75,3577,1.685746,3.517366,7.979028
74,3577,1.625708,3.517948,8.984909
75,3577,1.811629,3.357236,8.288785
75,3577,1.839740,3.144129,8.309022
76,3604,1.800011,3.687540,9.570694
76,3560,2.047221,3.529978,9.259765
76,3526,1.807181,3.505234,9.302004
76,3526,2.033864,3.872133,9.843927
76,3526,2.099227,3.925670,9.702507
76,3526,2.028132,4.098067,10.410527
76,3526,2.166602,3.910864,9.271632
75,3525,2.031891,3.938482,9.382468
76,3525,1.894172,3.919991,9.706282
75,3515,2.070741,3.576278,9.134261
76,3453,2.043440,3.690832,9.222555
76,3517,1.999080,4.246952,9.601345
76,3475,2.078494,3.744743,9.197585
76,3475,1.975244,3.908585,9.553840
76,3475,2.125741,4.272110,10.623032
76,3475,2.177602,3.940884,10.013780
76,3475,2.314354,4.305743,10.005077
76,3470,2.103724,4.130997,9.643843
76,3470,1.953505,4.171756,10.128480
76,3470,2.082262,3.833088,9.133004
77,3491,2.150829,3.921369,10.228901
77,3539,2.262631,4.454760,10.613878
77,3507,2.231205,4.069315,10.193894
77,3507,2.189392,4.299126,10.241572
77,3507,2.316805,4.739479,11.079556
77,3507,2.216862,4.499228,10.773273
77,3507,2.224893,4.611734,11.067587
77,3503,2.288094,4.715740,10.613445
77,3503,2.087526,4.618815,11.263441
77,3503,2.192624,4.264895,11.075264
78,3531,2.177900,4.422543,11.135117
78,3551,2.258861,4.322381,10.820861
78,3509,2.097889,4.149924,9.781594
78,3508,2.094606,4.504800,10.801411
78,3508,2.420730,4.516972,11.149367
78,3508,2.315443,4.528082,11.106248
78,3508,2.229975,4.314338,10.359156
78,3507,2.282537,4.499645,10.579081
78,3507,2.102702,4.569774,11.038043
76,3488,2.124783,4.430982,10.480685
77,3501,2.141622,4.390807,10.676118
77,3517,2.240666,4.499062,10.341347
77,3479,1.998174,4.897631,10.754682
77,3479,2.253515,4.539414,10.274702
77,3479,2.287687,4.898141,11.022129
77,3479,2.275807,4.906035,10.973460
77,3479,2.301236,4.971931,11.617053
77,3478,2.401787,5.327629,10.826975
77,3478,2.134012,4.968317,11.006210
76,3464,2.158163,4.646823,10.494599
76,3409,3.075119,4.700297,10.223105
77,3498,2.096861,4.883214,10.841997
76,3461,2.144394,4.654582,10.556093
76,3461,2.131880,4.627814,11.009441
77,3461,2.388063,4.916780,10.937008
77,3461,2.314843,5.015502,10.890783
77,3461,2.304052,4.747450,10.795150
77,3458,2.471385,4.864025,10.307100
77,3458,2.201922,5.000936,10.777186
76,3450,2.176557,4.738679,10.607726
76,3450,2.312267,4.566730,10.038024
77,3442,2.618746,4.822010,10.287155
77,3489,2.278270,5.046818,10.860340
77,3448,2.361469,5.102463,10.833904
77,3448,2.463396,5.207114,10.874498
77,3448,2.585930,5.334518,11.540963
77,3448,2.288840,5.480128,10.640825
77,3448,2.231861,5.499190,11.449375
77,3445,2.134732,5.264872,10.567246
76,3445,2.106778,5.357580,11.785018
75,3419,2.206370,4.968004,11.455518
76,3358,2.081788,5.071118,10.590369
76,3482,2.236344,4.899234,11.525198
73,3447,2.237258,4.528763,11.287110
76,3448,2.288596,5.142171,11.454942
73,3447,2.351027,5.039913,11.744624
72,3440,2.257250,5.014154,11.244155
73,3447,2.227741,5.347591,11.643701
74,3445,2.159123,5.841994,10.785787
73,3445,2.019949,5.096277,11.437509
74,3432,2.151655,4.739617,10.054316
73,3432,2.129032,4.594074,11.152390
74,3370,2.103358,4.339884,10.502261
74,3489,2.256012,4.705530,10.406419
74,3451,2.101167,4.371825,10.391993
74,3451,2.178765,4.349787,10.445251
76,3451,2.487169,4.716591,10.791505
76,3451,2.351300,4.670589,10.709328
76,3451,2.233424,4.493736,10.625665
76,3448,2.402288,4.485548,9.777306
76,3448,2.013107,4.378124,10.583239
75,3424,2.221372,4.230191,10.422634
76,3383,2.085285,3.972860,10.064431
76,3514,2.235758,4.392531,10.885920
74,3465,2.349935,4.106188,10.203660
72,3457,2.341898,4.095068,10.691393
72,3462,2.312870,4.139757,10.769898
75,3466,2.344076,3.903246,10.520609
75,3466,2.040445,4.186888,10.482346
75,3463,2.066559,3.698634,10.068885
75,3463,1.923695,3.782977,10.356739
74,3452,1.894207,3.487776,9.170354
75,3544,1.845144,3.940247,10.422512
75,3489,1.876099,3.492935,9.786134
75,3473,2.651070,3.648473,10.093239
75,3473,1.901389,3.789435,10.456294
75,3473,1.985846,3.778899,10.298577
75,3473,2.067181,3.884625,10.832186
75,3473,2.037575,3.764148,10.282986
75,3471,1.922124,3.843066,10.379262
74,3471,1.843062,3.999593,11.156248
75,3471,2.168286,3.489500,10.226391
75,3528,1.981649,3.699689,10.817395
73,3496,1.997869,3.698877,10.563612
72,3469,1.919798,3.632143,10.827729
72,3469,2.068323,3.689750,11.043689
70,3449,2.149708,3.880873,11.353683
69,3437,2.135637,3.788961,10.607078
70,3449,2.040197,3.986921,10.714984
68,3425,2.667918,3.974065,10.201487
68,3425,1.838622,3.863154,10.495787
65,3373,1.778146,3.476884,10.087305
65,3373,1.894773,3.363211,9.688842
66,3511,1.887654,4.129211,11.626497
66,3421,1.926269,3.495377,10.147932
66,3400,1.815694,3.426521,10.741197
66,3400,1.888301,3.473129,10.234101
66,3400,1.968162,3.651227,10.461658
67,3414,1.941345,3.564205,9.919821
68,3437,1.941721,3.657055,9.769679
69,3444,1.802606,3.698272,9.518540
73,3484,1.778191,3.977222,10.160359
71,3459,1.837664,3.476394,9.766198
74,3595,1.889697,3.998321,11.172757
74,3540,1.992583,3.824598,10.666229
74,3524,1.739834,3.647113,10.555169
77,3528,1.972285,4.411992,11.346631
76,3528,2.068599,4.289041,10.765090
76,3528,1.952452,3.653839,10.911620
76,3528,1.945528,3.504806,10.703438
77,3525,1.926177,3.698947,9.766860
76,3525,1.831463,3.430377,10.597119
74,3501,2.236432,3.271894,9.511106
67,3491,1.717530,3.425751,9.195199
68,3603,2.096556,3.471317,10.181411
70,3505,1.708402,3.388384,8.824087
77,3493,1.905678,3.054129,8.025293
77,3493,1.804929,3.017931,7.630248
77,3493,1.666966,2.894028,7.709616
77,3493,1.681327,2.665896,7.798358
77,3493,1.668904,2.693171,7.274842
75,3492,1.504731,3.074066,6.416212
75,3492,1.522973,2.644323,7.725156
73,3470,1.512016,2.517854,7.467074
74,3584,1.606838,3.386022,8.655991
74,3475,1.667279,3.152306,7.907299
74,3472,1.573288,3.088045,8.017104
74,3472,1.750905,3.114894,8.282655
74,3472,1.750334,3.046026,8.477414
76,3472,1.866023,2.855003,7.931275
76,3469,1.634091,2.538964,6.286460
76,3469,1.549717,2.392089,7.243347
76,3469,1.608750,2.184587,6.794390
77,3630,1.594513,2.539851,8.257914
77,3507,1.527041,2.194052,7.237704
77,3498,1.560146,2.332324,6.598028
77,3498,1.584500,2.188175,7.046014
77,3498,1.721814,2.265411,6.987727
77,3498,1.660736,2.219913,6.401256
77,3493,1.545061,2.172347,6.015268
77,3493,1.451544,2.124370,6.460741
75,3493,1.419112,2.220559,6.374075
76,3622,1.507287,2.370915,7.922812
75,3499,1.637527,2.138709,7.046895
75,3499,1.534006,2.402217,6.907370
73,3473,1.644364,2.761190,7.186188
73,3473,1.559682,2.969411,7.213005
74,3492,1.632132,2.975786,7.799149
74,3485,1.609304,3.591010,7.028336
70,3454,1.655523,3.198094,8.143859
69,3432,1.633897,3.127418,7.789409
73,3468,1.639452,3.670014,7.648158
74,3387,2.349555,3.115850,7.859411
74,3489,1.659315,3.407847,8.175198
73,3458,1.752421,3.340890,8.051062
75,3459,1.919812,3.680076,9.456307
75,3459,2.059192,3.639948,9.552869
76,3459,2.031475,3.781634,9.431936
74,3459,2.062544,3.788793,9.409360
76,3459,2.183962,3.762406,9.730001
76,3456,2.043447,4.192030,9.619173
71,3451,1.923431,3.906236,10.084053
76,3447,1.997309,3.588712,9.401047
76,3467,2.239364,3.829271,9.913304
71,3504,2.046076,3.719651,10.046962
73,3447,2.104929,3.633145,9.520105
73,3446,2.067897,3.833394,9.761187
72,3448,2.238906,3.938812,10.347651
74,3448,2.094222,3.706168,9.564719
73,3447,2.017073,3.938912,10.067572
74,3447,2.048158,3.917553,9.497447
71,3446,1.857664,3.936909,9.687588
68,3422,1.789880,3.353061,8.884338
69,3536,1.777972,3.484011,9.578715
70,3494,1.819588,3.216866,9.060520
67,3431,1.684755,2.720971,8.462906
65,3414,1.653283,2.725693,7.595644
62,3397,1.528440,2.605206,7.497645
64,3411,1.542222,2.474827,7.001643
64,3411,1.457032,2.338397,6.503662
64,3411,1.442365,2.378871,5.309982
62,3397,1.272230,2.482866,6.586194
64,3411,1.345605,2.333583,6.381766
63,3574,1.600261,3.032550,8.558765
67,3517,1.567901,2.896005,7.507765
67,3507,1.655603,3.039317,7.731618
65,3463,1.710259,3.540842,8.293165
67,3487,1.738739,3.671017,8.298059
66,3478,1.836352,3.799722,8.708512
66,3476,1.769624,3.784014,7.999077
63,3396,1.654047,3.938449,9.065045
63,3396,1.905353,3.903366,8.878431
65,3380,2.034664,3.894688,9.437282
65,3442,1.811744,4.423464,9.702056
65,3407,1.897599,4.215943,10.724901
70,3439,2.125931,4.222039,10.197339
73,3491,2.285297,4.458590,10.795583
73,3491,2.207209,4.228699,10.505396
73,3491,2.277492,4.410916,11.178927
73,3513,2.172347,4.399252,10.330225
76,3523,2.076627,4.428768,11.107127
77,3523,2.272426,4.371999,10.655968
78,3402,2.740700,4.444338,10.855061
78,3522,2.329820,4.890097,12.439797
79,3486,2.570465,5.069515,11.486084
79,3486,2.904672,4.874959,11.333526
79,3486,2.489662,4.770563,11.923453
79,3486,2.543800,4.736875,11.131567
79,3486,2.388684,5.064162,11.822546
79,3484,2.332746,4.519300,10.899898
79,3484,2.197425,4.474230,11.652456
74,3465,2.212010,4.073631,10.572988
74,3465,2.150480,3.865026,10.085426
74,3483,2.157467,3.994180,11.359253
74,3528,2.177234,4.343059,10.926492
75,3467,2.076838,3.825150,10.474937
71,3448,2.145632,4.109888,10.516281
72,3452,2.278018,4.189971,10.863513
70,3442,2.134205,4.643198,10.763704
70,3442,2.178921,4.172061,10.727706
70,3442,2.352899,4.493125,10.876236
71,3449,2.141336,4.396685,10.688699
71,3450,2.010647,4.275254,11.456700
73,3457,2.264883,4.108245,10.790593
78,3456,2.377274,4.032708,11.220323
78,3501,2.201567,4.610222,11.937097
77,3442,2.203833,4.643758,11.545124
77,3434,2.538929,4.149713,11.138460
75,3431,2.514257,4.722434,12.122270
72,3416,2.401564,4.871347,11.759265
75,3431,2.425126,4.308369,11.498024
76,3432,2.360543,4.488177,11.702141
76,3430,2.237052,4.479445,10.419336
71,3428,2.046838,4.536305,11.592772
74,3422,2.207641,4.059487,11.048874
69,3376,2.277706,3.861223,10.654549
67,3450,2.044429,3.851451,11.714364
67,3402,2.036472,4.259815,10.450215
66,3383,2.089805,4.008940,10.541327
67,3392,2.507156,4.358700,11.720874
70,3411,2.384842,4.263720,11.305960
69,3411,2.306800,4.096990,10.408186
66,3390,2.193035,4.078342,10.674523
64,3360,1.939164,3.967841,9.894017
66,3388,1.908489,4.072307,10.265197
65,3398,2.115028,3.597764,9.864238
66,3441,2.151017,4.345549,10.467963
66,3451,2.700053,3.765044,10.305546
67,3432,2.156819,3.621623,10.259702
63,3385,2.215292,3.823669,9.873776
66,3411,2.026575,4.024330,9.826037
66,3411,1.896818,3.948596,9.476506
65,3377,1.885778,3.568278,9.616607
66,3378,1.847878,3.683972,9.488729
67,3401,1.772976,3.434829,8.518553
67,3401,1.685512,3.347188,9.240979
65,3365,1.678614,3.101909,8.758318
66,3435,1.740143,3.234450,10.096247
68,3457,1.762088,3.358916,9.324217
65,3412,1.516381,2.950087,9.027887
63,3394,1.678093,2.924599,8.219243
63,3394,1.653241,2.999394,8.425784
64,3412,1.707326,2.938243,7.829746
64,3412,1.698266,2.822576,7.816508
65,3435,1.571637,2.807637,6.444765
64,3431,1.492000,2.752282,7.453316
65,3405,1.569030,2.799541,7.034520
67,3557,1.939813,3.351983,8.983155
73,3525,2.147548,3.690666,7.956411
71,3499,1.758627,3.558418,7.986243
69,3462,1.866001,3.910160,8.217444
77,3537,1.826562,3.812085,8.382169
74,3531,1.846881,3.827209,8.088469
74,3531,1.724067,3.744760,7.778447
73,3506,1.897835,3.830259,6.644992
75,3509,1.641636,4.267283,7.849623
74,3502,1.673200,3.701391,7.193351
75,3523,1.580484,3.917096,7.939735
75,3494,1.672821,3.804881,7.991022
75,3483,1.644126,3.741808,7.147575
75,3483,1.632537,3.605580,7.286060
76,3495,1.809358,3.745322,7.453374
74,3494,1.865947,3.698776,7.462373
75,3500,1.803035,3.946043,6.901910
79,3507,1.639156,3.791277,5.829336
78,3506,1.657483,3.867899,7.485706
76,3506,1.679515,3.792168,6.901633
77,3537,1.581807,4.120795,8.255177
80,3519,1.695789,4.333091,7.510781
80,3501,1.579326,3.944009,7.184030
82,3501,1.742306,4.065358,8.015202
81,3501,1.847998,4.222757,8.045749
81,3501,1.892506,4.156639,8.044899
81,3501,1.854684,3.910906,7.144322
81,3500,1.686238,4.165202,6.646985
81,3500,1.735493,3.965985,7.608796
80,3479,1.725945,4.001679,7.341258
81,3487,1.740082,4.010322,7.652213
81,3490,1.686218,3.647903,7.940618
81,3473,1.720799,3.624240,7.381288
81,3473,1.819693,3.571154,7.890941
81,3473,1.833847,3.371439,7.787574
81,3473,1.843765,3.436488,7.314932
81,3473,1.756408,3.252766,7.335685
81,3471,1.721028,3.126304,6.673011
81,3471,1.632917,2.975512,7.281255
80,3458,1.665617,3.139592,7.002388
77,3574,1.652193,2.947098,8.620812
79,3492,1.626467,3.269776,7.547202
76,3485,1.691490,2.639473,7.163476
76,3485,1.690501,3.260686,7.226457
76,3485,1.620768,2.737511,7.247713
75,3485,1.593995,2.692270,7.145170
75,3485,1.573012,2.666330,5.646447
76,3485,1.474425,2.645056,7.068524
76,3485,1.542247,2.506717,6.367372
77,3582,1.734175,3.098651,6.882919
76,3528,1.445411,2.489540,5.901323
75,3526,1.469804,2.575375,6.242280
74,3526,1.565608,2.882545,6.419530
74,3526,1.537630,2.713731,5.904018
72,3520,1.502949,2.658077,6.303738
76,3527,1.543012,2.651540,5.893083
73,3525,1.422614,2.575690,6.170784
69,3492,1.344762,2.389403,5.656471
72,3575,1.374052,2.549793,6.691686
74,3571,1.397360,2.510323,6.635068
72,3558,1.532729,2.598414,5.966624
72,3558,1.472314,2.515069,6.267468
72,3554,1.415424,2.443928,6.234914
70,3543,1.385905,2.166487,5.791081
70,3541,1.436193,2.394524,4.631917
70,3541,1.399362,2.152647,5.679586
69,3530,1.237628,1.972464,4.967455
69,3652,1.237989,2.306866,6.629456
70,3603,1.251690,2.005410,5.836188
80,3633,1.398301,2.091532,5.614917
79,3628,1.432928,2.176347,5.649063
64,3564,1.213101,2.055360,5.521709
78,3633,1.441527,2.035369,5.663693
77,3626,1.625987,2.512410,4.388009
77,3626,1.351207,2.042851,5.319374
74,3607,1.324724,2.104551,5.573673
78,3612,1.319635,2.134160,4.710259
75,3566,1.320949,2.296447,5.415333
77,3611,1.317075,2.341636,6.090564
80,3594,1.542131,2.570433,6.195600
79,3594,1.707477,2.895993,6.985686
80,3594,1.687839,3.130073,6.888240
77,3591,1.622017,3.143124,7.161255
71,3582,1.433756,3.249513,6.905701
74,3585,1.546073,3.245441,8.193217
71,3583,1.469609,2.978124,7.681076
73,3630,1.577947,3.234021,8.909583
74,3577,1.566952,3.019496,8.409386
73,3561,1.552669,3.235643,7.570039
72,3561,1.607689,3.054369,7.587725
70,3557,1.621098,3.030037,7.366884
72,3559,1.597557,3.119285,6.836836
78,3565,1.636475,2.811860,6.543332
77,3564,1.459080,3.172464,5.498485
77,3564,1.435672,2.580968,6.106462
77,3564,1.438030,2.155931,5.097173
78,3629,1.466799,2.357884,6.082788
78,3581,1.361718,2.177881,5.416367
78,3581,1.406012,2.141714,5.515155
75,3578,1.435654,2.401214,5.361084
74,3572,1.364714,2.230159,5.779167
74,3572,1.362411,2.207552,5.337119
75,3576,1.711989,2.661764,4.682405
75,3576,1.325138,2.241286,5.430000
73,3576,1.282047,2.043930,5.115166
76,3635,1.366262,2.218357,5.764594
77,3595,1.313634,2.251560,5.329123
76,3594,1.341924,2.403442,5.572598
74,3593,1.454961,2.607199,5.814454
66,3568,1.403676,2.867045,5.860183
68,3580,1.417961,3.053465,5.972997
65,3548,1.384559,3.594009,6.706484
81,3595,1.542729,3.339837,7.075576
81,3595,1.597921,3.260213,6.664443
80,3638,1.563745,3.456154,7.617974
80,3626,1.835807,3.325464,7.504918
80,3621,1.794368,3.433572,7.417685
80,3621,1.805703,4.116432,7.667264
80,3617,1.828400,3.814493,7.326876
80,3617,1.767638,3.549674,7.295192
80,3613,1.739658,3.785040,6.524768
81,3615,1.734386,3.669977,7.505589
80,3600,1.828617,3.589253,6.999854
81,3620,1.993059,3.816554,7.957194
81,3580,1.897224,3.744565,8.106046
81,3570,2.162297,3.806248,7.884891
81,3568,2.044040,3.983794,8.930638
81,3570,2.028543,4.220039,9.589538
81,3570,2.101787,4.285902,10.329557
81,3565,2.190576,4.756340,9.961560
81,3567,1.982270,4.173329,10.301707
71,3520,2.083373,3.964292,9.871370
74,3597,2.015821,3.995943,10.704098
74,3561,2.159927,4.197076,9.993131
72,3506,2.139604,3.925470,10.168655
73,3511,2.215199,3.879594,9.632837
73,3511,2.274919,4.204849,10.085734
74,3515,2.116306,3.957013,9.643624
75,3524,2.017014,3.853004,9.520890
74,3521,1.953116,3.656789,8.203644
75,3520,1.809697,3.743133,9.102959
75,3520,1.817883,3.483913,9.038549
75,3610,1.884284,3.803442,9.983020
75,3582,1.933598,3.728520,10.309370
74,3551,1.904049,3.405640,10.262430
74,3551,2.034493,3.547641,9.672505
73,3549,2.029540,3.707147,9.972454
73,3549,2.043139,3.709186,9.886656
73,3549,1.967636,3.788355,10.044195
72,3536,1.962030,3.518870,8.729359
72,3536,1.768752,3.614315,9.302179
72,3536,1.848944,3.525038,8.081630
73,3595,1.943546,3.857315,9.778306
73,3590,2.079209,3.632461,9.104517
73,3584,1.798604,4.053669,8.913630
72,3582,1.732152,3.827948,9.378064
72,3582,1.765900,3.495380,8.974912
72,3582,1.718867,3.285074,8.655389
72,3597,1.676434,3.393918,7.621841
73,3600,1.815939,3.173914,6.220821
73,3600,1.478047,2.990626,7.613272
73,3585,1.440304,2.702418,6.617829
72,3673,1.448473,2.932266,7.744236
73,3601,1.516610,2.664858,6.587017
76,3630,1.563346,2.545429,6.548735
76,3630,1.634833,2.485318,6.189685
75,3629,1.507344,2.236743,5.762244
75,3629,1.443343,2.221097,6.163723
75,3624,1.378071,2.235638,4.646218
75,3624,1.733566,2.277995,5.616573
73,3620,1.520281,2.401470,5.709958
74,3769,1.746944,2.944614,8.041365
74,3684,1.723648,2.885343,7.079616
74,3679,1.388973,3.100564,6.619026
72,3674,1.392442,3.027676,6.932673
71,3664,1.348601,2.805707,7.059248
71,3642,1.419321,2.868658,6.797997
70,3632,1.362704,2.960973,6.018257
71,3640,1.541305,3.131885,7.237845
73,3670,1.521289,2.970680,6.929243
74,3779,1.448587,3.364364,8.441938
75,3731,1.373417,3.463948,8.366417
75,3723,2.916852,3.234560,7.793530
70,3676,1.464768,3.557132,8.246289
74,3721,1.549994,3.497397,8.267702
72,3683,1.504976,3.465112,7.863278
73,3682,1.571404,3.345208,7.153748
74,3687,1.531321,3.304830,7.920511
75,3688,1.525558,2.996857,7.721252
76,3715,1.645390,2.886134,7.355040
77,3874,1.866482,3.681912,8.621718
79,3791,1.720610,3.217922,7.981340
79,3781,1.777101,3.079826,8.489566
77,3777,1.954197,3.523613,8.668872
79,3781,1.901219,3.515528,8.391097
79,3781,1.814426,3.576498,8.623775
79,3768,1.884658,3.494105,8.400771
77,3764,1.669793,3.666515,9.190540
76,3751,1.894253,3.523529,9.161578
76,3751,2.124383,3.854045,10.072374
76,3751,1.877305,4.384316,9.986822
77,3838,2.010339,5.314608,11.547856
78,3763,2.006093,4.059072,11.212069
78,3732,1.981877,3.738010,10.720107
76,3729,1.951282,3.681179,9.967849
78,3732,2.027599,4.492934,10.263157
78,3732,2.080343,3.908486,9.896665
75,3719,1.972483,3.800844,9.361974
75,3713,2.376103,3.891492,8.885244
75,3698,1.827982,3.851375,9.663200
75,3698,1.927534,3.591329,9.578418
75,3697,1.984064,3.546179,10.005983
75,3669,1.953211,3.734703,10.284622
75,3645,2.007133,3.518959,10.162090
76,3656,2.038788,3.705770,10.392602
76,3677,2.240698,3.940859,10.284612
77,3665,2.246565,3.890624,10.409620
75,3662,2.146545,4.022428,10.394723
72,3650,2.278342,4.121173,9.639864
72,3650,2.014819,3.815802,10.230191
70,3631,2.104091,3.680730,9.499600
71,3657,1.960837,3.697440,9.808732
71,3704,2.106736,3.642697,9.962597
77,3685,1.888532,3.513042,9.741447
76,3669,2.028227,3.770311,10.009800
77,3681,2.378957,4.129981,10.047482
77,3681,2.201314,3.936184,9.876215
78,3694,2.262195,4.079589,9.783654
79,3691,2.333384,4.132742,9.369654
78,3682,2.038678,4.120151,10.155845
80,3699,2.161647,3.899937,9.764118
81,3658,2.178798,3.978978,10.482280
80,3715,2.268246,4.441415,10.391239
81,3678,2.242569,4.182473,10.557916
82,3686,2.359794,4.356729,10.565577
81,3678,2.421568,4.607302,11.307348
81,3675,2.487341,4.527914,11.574169
81,3685,2.496202,4.565007,11.552619
82,3684,2.632231,4.502250,10.438168
82,3684,2.327308,4.810241,11.291209
81,3678,2.344466,4.589993,10.136184
81,3654,2.645141,4.309181,10.737242
81,3695,2.164778,4.467963,10.942270
83,3663,2.009796,4.210438,10.064435
84,3649,2.131649,4.016787,10.582207
81,3624,2.357548,4.417345,10.265135
81,3639,2.268060,3.972658,10.039773
81,3639,2.179288,3.949427,9.536962
81,3629,2.093944,3.746999,8.309419
81,3617,1.858214,3.719609,8.915806
83,3632,1.972465,3.548741,8.425787
83,3693,2.236250,3.739219,8.761023
82,3707,2.152962,3.512304,9.406475
82,3677,1.980582,3.432195,9.306362
81,3665,2.037594,3.845799,9.022963
81,3665,2.248580,3.900722,9.045738
81,3665,2.101335,3.766735,9.330965
81,3665,1.918172,4.227332,9.148140
81,3673,1.824024,3.703542,8.784329
81,3673,1.838336,4.178535,9.502053
81,3670,1.881955,3.997342,9.178789
81,3670,2.056024,4.265231,9.206594
83,3715,2.111715,4.628191,10.193776
85,3740,2.225729,4.386840,10.817080
86,3705,2.089516,4.585448,11.077507
85,3705,2.307161,4.300923,10.731787
84,3695,2.450771,4.757231,11.619844
87,3707,2.592336,4.603523,12.105145
87,3707,2.810712,4.898950,12.082606
87,3701,2.565155,4.740773,10.901644
83,3693,2.441554,4.760212,11.831593
83,3693,2.640377,4.727078,11.101006
82,3691,2.521989,4.476271,11.232075
86,3693,2.688249,4.439112,10.317863
87,3754,2.881997,4.688174,10.605542
82,3696,2.532058,4.563517,9.904437
83,3685,2.573557,4.347391,9.667951
81,3673,2.287972,4.676004,8.878501
83,3682,2.308784,4.644306,8.689321
81,3671,2.157604,4.215087,8.465613
81,3671,2.105551,4.189852,8.479463
82,3683,2.166638,3.916684,7.677208
81,3672,1.963160,3.993255,8.951735
82,3663,2.018228,3.867333,8.692175
81,3646,2.026853,3.935527,9.195891
80,3668,2.200840,3.992257,8.823036
81,3655,4.257537,3.729949,9.066957
81,3660,2.145352,3.787637,8.828838
81,3660,2.165813,3.921087,9.651441
81,3656,2.337202,3.945396,10.243235
81,3640,2.398937,4.059359,10.523786
82,3641,2.431721,4.647511,9.719914
82,3641,2.170801,4.094781,10.790207
76,3623,2.342250,4.122372,11.174923
80,3633,2.438979,4.077419,10.460991
82,3636,2.381392,4.087630,10.876342
82,3736,2.364154,4.093666,11.476420
81,3675,2.404857,4.294447,10.439834
81,3671,2.532421,4.082220,10.459753
81,3670,2.466356,4.050719,10.974072
81,3670,2.547936,4.089855,10.792945
82,3668,2.576573,4.024478,10.277328
81,3666,2.397308,3.815131,9.928724
81,3659,2.231827,3.741015,8.840260
81,3671,2.019326,3.755926,9.368896
81,3665,2.015176,3.464950,8.998592
82,3671,1.949160,3.498270,9.171070
82,3663,1.946502,3.394157,8.090276
81,3630,1.776934,3.193455,7.850669
82,3611,1.836538,3.302803,8.157224
81,3618,1.830345,3.397837,7.935517
82,3640,1.850492,3.297199,7.941547
74,3607,1.697896,3.109097,7.805648
73,3606,1.727587,3.289149,7.036459
74,3611,1.592112,3.063756,7.856593
81,3643,1.775334,2.829678,7.235889
73,3713,1.611638,3.055180,7.972653
71,3634,1.606837,2.828146,7.431763
73,3623,1.489550,2.832724,7.210629
74,3628,1.680300,3.322380,7.364065
71,3620,1.636084,3.053738,7.629310
73,3623,1.622225,2.972958,6.844039
73,3621,1.681960,2.868118,6.168824
81,3659,1.623946,3.025299,7.217147
81,3651,1.578279,2.905717,6.816439
81,3691,1.729546,3.211265,7.911824
82,3664,1.775327,3.278880,7.725435
81,3662,1.792507,3.276943,7.851723
81,3662,2.110043,3.530613,8.453709
81,3662,1.878869,3.531358,8.511560
81,3662,1.904519,3.350736,8.803199
82,3678,2.399046,4.117023,8.282557
82,3677,1.807361,3.705339,8.940668
79,3656,1.754013,3.617699,9.541769
78,3653,1.817105,3.384690,9.198789
78,3653,1.990438,3.469387,8.326834
79,3703,1.851971,3.608386,9.780416
79,3768,1.934079,3.538328,10.981077
78,3732,1.894320,3.729887,10.025130
79,3719,1.915547,3.404933,9.212833
75,3685,2.099827,4.287300,9.731690
75,3707,1.994570,3.454573,9.919441
74,3700,1.971482,3.534456,9.088024
74,3693,5.552035,3.769800,8.899644
75,3702,2.024695,3.584277,9.203344
80,3719,2.196423,3.394939,9.261216
81,3671,2.104810,3.304993,9.351447
81,3844,2.109894,3.873370,10.796015
81,3788,2.189727,4.056465,10.024109
82,3789,2.110924,4.071432,9.843054
82,3789,2.405096,4.517494,10.592945
82,3799,2.306548,4.399275,9.920074
81,3793,2.353113,4.308437,10.353901
81,3791,2.185824,4.509358,9.512624
84,3801,2.085289,4.501957,11.021592
85,3782,2.208517,4.369331,10.429203
88,3681,2.114929,3.982214,9.689537
89,3793,2.274042,4.168431,10.227310
88,3729,2.149866,4.155952,9.210440
87,3718,2.232150,3.865264,9.382375
88,3722,2.354787,4.380526,9.201266
83,3694,2.098545,3.973496,8.523296
85,3700,2.034596,3.632417,8.318694
82,3695,1.813885,3.557705,7.180771
81,3677,1.820901,3.146200,7.570946
81,3670,1.862743,2.807631,6.998607
81,3770,1.611518,2.987789,8.145308
81,3723,1.653094,2.847747,7.093416
81,3736,1.766838,2.434087,6.728161
81,3735,1.718310,2.438731,6.888879
80,3730,1.638208,2.682683,7.284056
80,3733,1.676940,2.487039,7.243555
79,3733,1.555531,2.499356,6.206018
80,3733,1.538628,2.441518,7.242913
78,3733,1.575081,2.311036,6.825050
81,3896,1.691135,2.638338,7.956700
78,3762,1.590872,2.290561,7.037680
81,3758,1.579548,2.805599,7.121789
81,3752,1.711177,2.643228,7.079497
81,3751,1.686466,2.713670,7.002992
81,3751,1.681014,2.751747,7.010475
81,3754,1.845427,3.234730,6.124610
77,3751,1.451990,2.672382,7.204036
78,3750,1.623035,2.627227,7.137445
81,3946,1.688935,3.182951,8.537665
81,3861,1.803527,3.237641,8.003486
81,3853,1.783961,3.116089,7.858041
81,3814,1.872980,3.417927,7.740686
82,3827,1.886519,3.608743,8.138755
81,3815,1.966817,3.590581,8.073178
81,3815,1.991493,3.905172,8.504363
81,3810,2.099214,3.875442,7.862915
82,3811,1.860987,4.056626,9.042390
82,3811,2.085842,3.787278,8.762581
83,3811,2.042926,3.708445,8.466950
81,3794,2.006990,3.756107,9.401574
81,3798,2.121570,3.726261,9.333402
79,3749,2.208257,3.906932,9.253663
80,3764,2.177187,4.169968,10.378591
80,3765,2.570740,4.623378,10.162787
80,3765,2.556602,4.452051,10.615476
81,3769,2.426348,4.710867,11.149827
81,3768,2.680974,4.535017,9.974091
81,3768,2.129887,4.676503,11.566303
81,3777,2.391859,4.506654,10.884073
82,3656,2.173017,4.218177,10.963949
82,3763,2.240193,4.374702,11.395073
81,3708,2.363448,4.186297,11.197708
81,3708,2.389854,4.233741,10.995882
81,3703,2.594303,4.700112,10.607770
79,3699,2.225620,4.235575,10.479238
78,3681,2.221236,4.359673,10.133034
74,3607,2.203249,4.289859,10.713815
71,3550,2.453988,4.125038,9.480589
71,3550,1.901155,3.960367,10.260606
72,3565,1.966271,3.679350,8.578860
75,3636,1.854405,3.778516,8.990113
74,3693,1.836163,3.498536,8.536646
73,3652,1.769989,3.292105,8.179774
73,3620,1.778730,3.486047,7.584959
73,3625,1.823364,3.526072,7.759755
75,3660,1.801830,3.468144,8.420184
71,3608,1.707300,3.061775,6.791648
70,3598,1.584197,2.845302,6.289065
71,3620,1.490941,3.182476,5.182468
70,3615,1.453262,2.214227,5.592743
68,3599,1.358215,1.842415,5.202476
70,3683,1.317625,1.840197,5.704492
72,3674,1.399967,1.793143,4.913331
65,3503,1.255598,1.802778,5.423612
74,3673,1.392455,1.828852,5.180839
71,3664,1.340744,1.804003,5.110494
66,3607,1.315802,1.792896,5.159659
73,3666,1.347325,1.731285,4.751482
73,3671,1.356595,1.896364,5.346642
73,3666,1.312235,1.768581,5.031183
63,3709,1.164762,2.119263,5.886779
62,3651,1.177560,2.007993,5.308219
62,3651,1.184901,2.095156,5.731555
62,3651,1.296239,2.182470,5.919694
61,3636,1.303968,2.144174,5.549624
59,3615,1.187477,2.020465,5.763336
57,3584,1.152230,1.957520,4.642778
57,3584,4.044012,2.061238,5.552872
55,3567,1.154014,1.830573,5.358082
56,3716,1.242295,2.239540,7.009285
56,3639,1.384252,1.997661,5.648865
56,3638,1.171010,2.034423,5.695844
56,3638,1.197622,2.085995,5.722346
58,3666,1.345731,2.155026,5.696930
56,3645,1.234969,2.171853,5.584117
60,3616,1.105430,2.082869,5.551442
59,3587,1.193474,1.805207,3.515433
55,3413,1.019544,1.813125,4.514336
56,3471,1.091361,2.240681,4.323656
64,3658,1.175585,1.816756,5.058893
67,3662,1.081152,1.808848,4.387749
67,3625,1.209315,1.967765,4.603733
67,3625,1.289419,2.296304,5.200360
67,3625,1.308550,2.748119,6.238332
73,3698,1.605249,3.004677,6.778886
76,3676,1.616043,3.046125,6.044192
72,3637,1.811690,3.263215,7.402981
73,3587,1.649521,3.567365,8.116881
74,3594,2.004116,3.587120,9.179619
75,3746,2.069428,3.882210,9.017649
81,3792,2.257271,4.710183,9.024558
82,3831,2.207816,4.635386,10.746452
88,3879,2.522766,4.920320,10.406582
90,3883,2.409096,5.069845,10.574590
90,3891,2.635240,5.037077,10.938354
87,3848,2.686577,5.120137,10.038164
87,3848,2.289463,4.773053,11.198084
84,3798,2.371640,4.815842,10.846992
86,3810,2.691881,4.267607,10.323850
83,3809,2.343701,4.319012,10.539370
81,3751,2.588398,4.563739,9.899203
81,3735,2.247271,4.128986,9.862882
81,3743,2.367871,4.302142,10.148306
81,3741,2.312697,4.304228,10.274091
83,3751,2.337118,4.107821,10.495866
83,3751,2.449206,4.118166,10.313632
82,3744,2.089861,4.047649,9.131335
81,3714,2.084735,3.854612,10.295029
81,3714,2.185202,3.412378,8.781402
81,3789,1.957528,3.691137,9.645963
82,3791,1.953998,3.563068,9.694532
81,3760,1.969533,3.531648,9.435621
82,3762,1.977225,3.649423,9.154664
82,3762,2.095405,3.848798,10.061144
82,3762,2.101883,3.775031,9.545225
82,3762,2.036652,3.770917,9.398694
81,3761,2.008153,3.666159,9.020002
81,3760,1.933682,4.168731,8.067789
81,3760,1.786771,3.695482,8.721902
79,3763,1.849050,3.545861,8.858977
81,3886,1.897917,4.057961,8.945775
82,3902,2.047762,3.456534,8.641838
81,3864,1.920264,3.389969,8.509464
81,3864,1.989935,3.704307,8.722709
80,3865,2.028945,4.084683,9.092940
83,3889,2.077735,3.924348,9.265783
81,3878,2.140909,3.973806,9.560281
83,3888,2.176468,4.346707,9.852241
80,3865,2.157234,4.269110,9.356710
81,3884,2.140307,4.249198,10.786188
81,3868,2.377830,3.970829,10.395151
83,3794,3.434120,4.124773,10.758807
84,3938,2.597027,4.459870,11.526400
86,3873,2.526666,4.513310,11.232231
86,3847,2.519075,4.679720,10.855372
86,3847,2.759051,4.757923,10.833493
87,3853,2.629117,5.081596,11.286386
85,3851,2.645969,4.987769,11.502349
87,3853,2.765216,4.802515,10.367013
85,3849,2.662746,4.805223,10.556179
84,3845,2.519002,4.544216,9.634473
85,3847,2.242000,4.325518,9.585709
87,3849,2.423806,4.369526,8.786800
88,3771,2.166201,3.894217,8.334979
89,3799,2.142791,3.891338,8.161560
88,3764,2.475907,3.814938,8.034330
83,3720,2.079354,3.651624,8.257277
83,3726,2.181706,3.735971,9.249292
84,3722,2.382518,3.961690,9.041851
85,3731,2.222041,3.776627,8.554563
84,3720,2.141327,3.884383,9.186424
83,3715,2.083677,3.834747,8.109226
85,3735,2.025669,3.911029,9.316009
86,3737,2.256041,3.795913,8.622033
88,3794,2.043187,3.659770,10.253026
87,3780,2.147582,4.289823,9.416231
86,3758,2.434543,3.858400,9.410995
88,3762,2.508769,4.021894,9.823218
87,3743,2.455326,4.292230,10.331638
87,3761,2.614706,4.325756,9.904998
83,3709,2.370526,4.307574,9.835099
88,3772,2.431699,4.377715,9.972092
88,3773,2.511151,4.384838,10.007459
86,3758,2.305522,4.368991,10.655803
86,3751,2.360121,4.455059,10.319597
84,3741,2.556294,4.709777,9.977362
89,3689,2.294421,4.414128,10.276869
90,3837,2.385633,4.983824,11.478966
89,3782,2.405543,4.289754,11.330767
89,3780,2.444476,4.505297,11.466328
89,3779,2.827049,4.781918,11.915673
92,3786,2.844768,5.129676,12.275100
94,3791,2.929114,5.024095,12.441917
97,3794,2.925995,5.142445,12.218447
94,3788,2.873209,5.173871,11.491189
96,3792,2.657646,5.233453,12.006451
95,3776,2.689341,5.116305,10.945626
93,3770,2.573301,5.222159,10.410364
89,3786,2.835968,4.623387,10.626258
89,3755,2.674372,4.845896,10.281903
87,3719,2.394987,4.857141,9.679799
86,3712,2.386841,4.596900,9.498994
84,3697,2.187820,4.487894,8.796016
84,3696,2.091830,4.329739,8.983144
82,3696,2.250616,3.977691,8.423334
81,3704,1.823165,3.845010,7.808969
81,3696,1.915917,3.785455,8.371971
82,3701,1.845757,3.507267,8.239022
81,3724,1.925541,3.557125,8.817905
81,3700,1.944624,3.386445,8.897497
81,3681,1.853602,3.551570,8.334637
81,3676,1.972321,3.659049,9.044029
81,3676,2.078528,3.746043,9.381670
81,3679,2.038035,3.805334,9.084903
81,3676,2.015133,3.693340,8.924221
81,3677,2.059762,3.939005,9.289399
81,3678,2.175854,3.633101,8.058352
81,3683,1.831971,3.639365,8.954725
81,3675,2.106681,3.681174,8.119509
81,3743,2.066514,3.666396,9.301570
81,3742,2.071323,3.699301,9.477172
81,3688,2.507719,3.925288,9.243729
81,3688,2.209683,3.960700,10.330722
81,3705,2.504099,4.776600,11.136274
81,3705,2.592286,4.404274,10.891670
82,3699,2.624388,4.556845,11.450764
81,3693,2.728264,4.358775,11.352463
81,3699,2.964004,4.541293,10.402669
81,3714,2.388605,4.446848,11.162698
81,3700,2.479171,4.006784,11.106527
81,3708,2.522407,4.101279,9.869103
81,3638,4.441584,4.136744,9.778351
82,3729,2.342576,4.234541,10.401535
81,3690,2.587002,4.623161,10.235985
81,3660,2.420969,4.255650,10.425729
81,3658,2.520784,4.424000,11.621713
81,3658,2.682403,4.735512,12.099167
82,3674,2.887749,4.447799,11.582001
81,3661,2.791306,4.446630,11.462606
81,3668,2.506263,4.574421,11.118331
82,3695,2.421488,4.559565,11.197703
81,3677,2.572021,4.155761,10.705933
81,3659,2.630297,4.468714,10.237334
81,3735,2.405276,4.203775,11.126848
81,3687,2.524334,4.459208,10.924029
81,3671,2.706983,4.224207,11.034588
81,3671,2.599065,4.425760,11.723262
81,3676,2.900783,4.754218,11.545778
81,3681,2.812479,4.683010,11.794379
81,3681,2.796148,4.741674,11.456922
81,3681,2.717741,4.741062,11.342077
81,3676,2.478322,4.732595,11.235188
82,3681,2.426761,4.497623,11.222861
81,3674,2.490208,3.941538,10.025246
85,3604,3.976137,3.892768,9.857538
82,3737,2.362073,4.028837,10.636251
86,3678,2.340869,3.904147,10.133247
86,3661,2.276407,4.026602,9.714545
83,3651,2.408482,4.066846,10.419317
90,3693,2.467057,4.351455,10.576526
88,3683,2.487822,4.120741,10.492890
87,3681,2.450279,4.039966,10.286667
88,3683,2.574744,4.248796,10.429385
90,3701,2.353682,4.134473,10.171940
91,3703,2.194600,4.131832,10.539967
91,3648,2.313701,3.844190,9.165391
91,3808,2.262490,3.980579,10.394988
90,3769,2.244972,4.061538,10.164031
91,3758,2.511926,4.300915,9.540097
92,3760,2.283314,4.177256,10.255061
91,3758,2.362182,4.126916,9.579219
91,3758,2.285365,4.293160,9.412323
91,3758,2.235863,4.070310,9.304459
93,3759,2.513129,4.384329,7.998212
92,3758,1.984330,4.680443,8.887813
89,3731,1.867817,3.751308,8.876531
89,3731,2.018876,3.655810,8.784157
90,3812,1.865615,3.798318,10.233270
91,3746,1.952753,3.439465,9.222532
94,3731,1.989496,3.364126,9.189085
94,3731,2.081514,3.622876,8.896360
94,3731,2.211829,3.865934,9.457435
94,3731,2.140364,3.895744,9.376884
94,3731,2.164844,3.711364,8.987413
95,3731,2.212619,3.864170,9.361752
95,3727,2.267618,3.837010,8.609130
94,3727,1.937973,3.812325,9.240574
94,3727,2.050069,3.536465,8.841468
96,3862,2.100996,3.974926,10.683611
96,3771,2.352283,3.632129,9.759848
97,3746,2.146770,3.584327,9.411658
99,3746,2.280561,4.031831,9.971310
97,3746,2.635777,4.672068,10.392702
97,3746,2.588530,4.416972,10.835892
97,3746,2.681777,4.763609,10.836735
97,3746,2.691257,4.503047,10.444758
96,3743,2.635672,4.649170,9.935068
96,3743,2.409436,4.582286,10.606227
94,3730,2.540755,4.739342,10.828678
94,3730,2.649512,4.332497,10.159435
93,3719,2.537962,4.261698,10.390563
92,3761,2.397408,4.522928,10.180761
91,3705,2.378757,4.278296,9.655409
87,3676,2.311586,4.276667,10.021738
93,3707,2.559547,4.454911,10.130512
88,3679,2.582979,4.564252,10.388094
87,3676,2.538644,4.576575,10.139794
87,3676,2.585224,4.808799,10.341134
88,3679,2.446195,4.455604,9.859087
87,3676,2.333953,4.782440,10.422407
86,3666,2.555710,4.416833,10.492060
87,3666,2.477705,4.260737,10.098650
89,3764,2.319126,5.191972,10.592187
88,3708,2.889137,4.400803,11.299428
87,3690,2.537365,4.747516,10.853437
92,3722,2.697303,4.936495,11.408103
93,3722,2.915740,5.115373,11.235109
93,3722,2.562159,4.833382,11.567958
93,3722,2.706784,4.986010,11.896120
93,3717,2.737901,4.716168,10.738355
92,3707,2.499943,4.626471,11.475337
92,3711,2.592280,4.405089,11.229004
89,3669,2.394489,4.325881,10.588711
90,3669,2.602131,4.188885,10.765409
90,3722,2.579563,4.274528,11.199796
89,3671,2.825261,4.568037,11.327694
89,3662,2.639319,4.087211,11.408832
88,3660,2.628004,4.251199,11.173533
88,3660,2.707436,4.555371,11.560010
88,3660,2.764735,4.363348,11.203851
88,3660,2.670437,4.498517,11.680953
88,3655,3.139177,4.643772,10.595064
88,3655,2.367295,4.360848,11.828956
88,3655,2.631493,4.238785,11.847402
89,3655,2.641477,3.956560,10.763126
90,3711,2.508588,4.087829,11.239137
89,3668,2.446095,3.908506,10.397437
89,3658,2.374696,4.067795,10.220846
89,3658,2.649566,4.107370,10.201197
89,3658,2.601345,4.317850,10.789641
89,3658,2.659035,4.315587,10.649158
88,3659,2.614196,4.363440,10.910937
83,3608,2.527676,4.298800,10.673017
85,3620,3.024474,4.479491,9.996821
85,3618,2.334582,4.453844,10.446394
83,3604,2.445534,4.472182,10.221486
83,3667,2.431616,4.256256,10.854939
84,3624,2.273713,3.998908,10.305295
82,3612,2.351259,4.634170,10.816679
83,3618,2.577109,4.425483,11.353955
86,3631,2.725709,4.925450,11.550652
84,3623,2.689929,4.414454,11.406601
86,3631,2.634308,4.339325,11.208393
82,3610,2.634673,4.185586,10.486875
82,3612,2.411635,4.334371,11.371650
83,3617,2.571339,4.082918,10.924609
84,3617,2.480387,4.396709,10.618355
82,3681,2.962019,4.117949,11.490904
83,3644,2.943363,4.115318,10.426694
83,3644,2.498388,4.640094,10.153674
83,3644,2.773452,4.430343,10.983571
82,3635,2.846047,4.513353,10.927214
85,3650,2.641559,4.349632,10.691725
85,3654,2.578329,4.483206,10.802945
86,3653,2.291759,4.184282,9.949273
86,3653,2.235678,3.962708,10.070192
83,3633,2.187720,3.681592,9.351345
85,3673,2.139810,3.392295,9.983293
85,3661,2.153639,3.665189,9.494998
85,3723,2.206245,3.993390,9.741013
85,3675,2.309710,3.646581,9.508583
85,3672,2.217297,3.757293,9.674140
84,3658,2.282721,3.926643,10.253926
85,3673,2.377725,3.862091,10.478698
85,3673,2.392694,3.875039,10.525953
84,3671,2.463493,3.907766,10.132492
84,3670,2.557555,4.217324,9.401459
83,3669,2.084716,3.959454,10.319719
81,3644,2.187233,3.886890,10.680820
81,3648,2.237943,3.575948,9.575270
82,3611,2.269858,3.876451,9.846000
81,3657,2.421888,3.723283,10.087862
82,3631,2.109699,3.653679,9.762159
82,3630,2.320030,3.842756,9.781286
81,3647,2.443269,4.638676,10.229412
81,3647,2.480422,4.209205,9.878654
81,3644,2.351420,4.390934,10.229459
81,3644,2.485583,3.959927,9.685771
82,3659,2.385082,4.549087,9.755490
82,3659,2.240082,4.014488,10.081164
81,3644,2.160175,3.573122,9.244407
82,3601,2.421196,3.781749,9.587992
82,3712,2.257305,3.708593,10.218794
82,3664,2.263999,3.669244,9.814355
82,3652,2.309293,3.854622,9.689625
82,3652,2.402656,3.962446,10.292908
82,3652,2.395567,3.864821,10.004074
82,3652,2.381818,3.902061,10.162392
82,3652,2.470719,3.940961,9.848551
82,3649,2.521037,4.350720,9.750381
82,3649,2.183200,3.881582,10.363014
81,3633,2.193611,3.849976,10.618675
82,3594,2.155102,3.671294,9.930767
83,3722,2.353626,3.563304,10.397736
82,3662,2.296568,3.483415,10.155942
83,3672,2.297099,3.490855,10.074024
83,3672,2.416232,3.829974,10.482222
82,3651,2.395888,3.598701,10.396393
83,3658,2.418222,3.814776,10.358052
82,3649,2.348668,3.735121,9.866787
81,3641,2.293998,3.634413,9.385154
81,3641,2.050872,4.270837,9.823051
81,3633,2.098183,3.564845,9.876902
82,3658,2.081846,3.302422,11.370872
81,3703,2.143722,3.545242,10.529016
81,3670,1.967052,3.180286,9.965273
82,3674,2.073912,3.434558,9.923948
82,3674,2.203932,3.614253,9.767122
82,3674,2.169669,3.748819,9.848816
81,3674,2.079191,3.611276,9.881778
82,3674,2.213737,3.610611,10.208626
81,3672,2.505596,4.032477,9.579285
81,3672,2.033734,3.523144,9.446026
82,3694,2.016234,3.133543,8.608279
81,3726,2.012229,3.225403,9.491213
82,3780,2.085922,3.290747,9.470256
84,3739,1.882118,3.103303,8.454800
83,3728,2.043667,3.218396,8.785963
85,3741,2.188682,3.414113,8.866927
87,3747,2.199630,3.433869,8.932943
87,3743,2.184564,3.494700,8.846940
86,3744,2.207682,3.543897,9.246625
83,3715,2.216351,3.909676,8.770393
82,3713,2.015301,3.893148,10.374688
81,3714,2.340242,3.977575,10.810116
81,3705,2.218097,3.678158,10.303564
81,3747,2.299722,3.933686,11.017801
81,3683,2.575913,3.923104,10.487716
81,3673,2.288432,3.913391,10.467282
81,3666,2.587006,3.966447,10.929650
81,3667,2.531315,3.941647,10.180033
81,3667,2.447319,3.817645,9.469458
81,3661,2.330935,3.842590,9.630994
81,3660,2.413934,3.738652,8.604403
85,3657,1.981537,3.771290,9.639680
81,3638,2.230893,3.684423,9.466886
85,3568,2.381054,3.569668,9.674580
81,3628,2.510534,3.706493,11.083214
82,3597,2.552454,3.612203,10.333006
81,3606,2.474933,3.945862,10.926058
82,3592,2.697157,4.462157,11.239491
82,3592,2.732564,4.413954,11.281618
87,3644,2.747037,4.190346,11.126092
87,3644,2.731116,4.048590,10.626716
89,3646,3.062385,4.502624,9.897189
89,3646,2.437269,4.411570,11.184807
87,3641,2.658130,3.891653,11.368033
87,3626,2.795777,4.146392,11.387406
85,3702,2.750054,4.062661,12.022941
85,3621,2.774126,3.937987,10.713276
89,3616,2.688840,3.763279,10.910668
89,3616,2.739815,4.110921,10.399838
87,3605,2.818082,4.253672,11.194900
87,3599,2.785104,4.149862,11.303957
88,3637,2.767661,4.159925,10.817389
90,3643,2.678366,3.949385,11.399163
89,3638,2.723638,4.326674,11.069183
93,3663,2.613735,4.096396,11.461905
92,3651,2.653040,3.866598,10.587103
92,3657,2.665726,4.065297,10.153083
92,3744,2.621425,4.098817,11.736527
91,3681,2.849450,3.960081,11.035505
91,3649,2.828530,4.198207,10.996622
92,3649,2.902998,4.488069,12.272816
90,3649,3.015119,4.602181,12.155751
88,3631,2.922853,4.642766,12.281078
91,3658,3.166093,5.080439,12.266141
89,3658,3.287781,5.180507,11.839217
93,3666,3.004990,4.945467,12.573601
91,3644,3.228620,4.650706,12.503393
90,3644,2.918694,4.295411,11.322348
88,3640,2.910327,4.548071,11.571639
89,3751,3.001804,4.490158,12.622648
90,3639,2.960636,4.230951,11.512212
92,3613,3.000975,4.314418,10.667668
92,3613,2.795724,4.155021,11.428710
92,3613,3.302671,4.513809,11.806424
93,3626,2.993951,4.240886,11.293112
93,3627,2.675937,3.812395,10.189552
94,3627,2.645841,3.911271,10.031403
96,3628,2.538287,3.875814,10.531027
96,3628,2.704640,3.735943,10.198647
95,3626,2.695165,4.279091,10.713081
94,3625,2.589845,4.270084,11.637456
94,3615,2.835195,4.135759,11.238975
93,3614,2.795438,4.144515,11.042294
93,3689,2.979915,4.517389,11.961718
95,3634,2.930788,4.441112,11.263560
95,3619,2.684458,4.649845,10.677445
91,3612,2.786644,4.755184,11.588453
93,3614,3.014724,5.047400,11.707245
91,3613,2.943885,4.906854,11.375973
91,3613,2.869992,4.992630,11.166021
92,3612,2.641946,5.264978,10.541741
90,3607,2.440000,5.212342,11.149099
88,3594,2.431786,4.612420,10.003632
89,3547,4.349725,4.253254,9.474947
89,3712,2.119656,5.124975,11.339918
89,3666,2.215014,4.082746,10.648074
89,3652,2.201329,4.195640,10.835793
86,3648,2.326662,4.436130,10.471471
85,3638,2.365594,4.464131,10.678138
88,3650,2.398119,4.286740,10.714087
89,3647,2.525651,4.621173,10.436872
89,3655,2.447310,4.643090,11.845194
89,3649,2.892941,5.076814,11.202208
90,3656,2.386311,4.911024,11.808056
90,3649,2.640165,4.688248,11.048765
95,3716,2.694603,4.985255,12.301802
94,3656,2.755430,4.532466,12.467436
93,3639,2.899536,4.344280,12.039676
96,3645,3.028615,4.654472,11.727035
96,3645,3.111077,4.639289,11.758074
98,3647,3.110426,4.218043,11.280214
96,3646,2.938221,3.977024,11.448110
95,3643,2.928076,3.837827,9.701885
95,3646,2.544117,3.633800,10.117318
93,3638,4.214094,3.613042,9.267807
93,3634,2.661275,3.293071,7.847875
92,3696,2.287241,3.425773,8.809196
86,3665,2.059358,3.488940,8.054014
83,3651,1.728137,2.805715,7.270148
81,3652,1.621297,2.662050,7.062380
79,3646,1.647160,2.429033,7.016353
81,3582,1.620075,2.191674,5.954317
81,3582,1.572959,2.280126,6.456489
71,3545,1.485837,2.169390,6.552516
72,3550,1.445212,2.381231,6.141189
70,3542,1.446299,2.129506,5.053026
63,3474,1.256257,1.972308,6.316244
65,3482,1.384746,1.855416,5.946280
59,3579,1.284052,2.272726,7.660369
72,3623,1.505874,2.106345,6.736015
66,3518,1.352920,2.216946,6.810505
71,3597,1.550890,2.517251,7.065602
67,3521,1.587536,2.444796,6.691458
69,3556,1.485906,2.650207,7.164900
69,3556,1.634267,3.036509,7.663592
69,3555,1.750399,3.225649,7.051728
67,3527,1.553464,3.275417,8.505898
66,3525,1.641571,3.374937,8.598636
73,3613,1.745982,3.540399,9.494844
72,3598,1.846152,3.608098,9.791233
73,3584,1.721034,3.989373,10.097142
75,3580,2.157615,4.081249,11.219884
79,3654,2.356608,4.572911,11.388726
81,3656,2.493594,4.455201,11.505459
85,3682,2.494047,4.425239,11.951065
85,3695,2.606934,4.165108,11.402700
85,3652,2.657611,4.683103,11.423956
85,3651,2.521748,4.569903,12.116466
87,3669,2.836677,4.410220,11.513479
87,3650,2.865014,4.534647,11.505002
87,3708,3.016061,4.552448,12.629952
84,3624,3.099172,5.130514,11.082201
83,3619,2.807908,4.597215,11.482429
81,3586,2.832617,4.251781,11.815039
81,3575,2.962190,4.114592,11.456340
81,3571,3.003817,4.084332,11.013499
81,3571,2.765657,4.087546,10.921786
83,3586,2.779752,4.375291,11.036056
81,3569,2.614669,3.794073,9.874846
82,3577,2.423219,3.909103,10.906250
82,3577,2.475038,3.745561,9.944581
81,3566,2.932550,3.490461,10.212246
81,3675,2.265315,3.733551,11.087818
81,3634,2.340100,3.580089,10.452112
81,3624,2.375044,3.486764,11.094885
84,3645,2.538219,3.716458,10.005579
84,3645,2.312697,3.550648,9.876800
82,3630,2.200666,3.355109,9.215334
83,3662,2.158255,3.308196,8.614614
82,3662,1.948727,2.982041,8.064357
81,3658,2.108784,3.096750,7.298405
81,3671,1.997259,2.781427,8.014614
81,3641,1.792407,2.541391,7.133258
81,3802,1.971972,2.857893,8.503799
81,3734,1.992656,2.606446,7.498739
81,3682,1.742847,2.436997,7.150940
80,3687,1.703955,2.553764,7.368091
81,3685,1.836410,2.604072,7.457832
81,3685,1.735229,2.672165,7.733687
83,3704,1.835801,2.711081,7.689138
82,3700,1.888358,2.759840,7.821669
88,3716,1.768491,3.475149,7.217616
88,3708,1.847635,3.359343,8.489952
82,3631,1.867327,3.595905,8.827833
84,3636,2.073597,3.563181,8.829644
85,3672,2.027566,3.894339,9.771989
83,3643,2.115467,3.890135,10.313298
87,3620,2.077533,3.801475,9.607301
91,3644,2.410770,4.177147,9.730431
92,3648,2.583908,4.272799,10.207922
90,3663,2.457409,4.126360,10.025369
85,3611,2.461413,4.285391,9.708085
85,3575,2.315792,4.192377,10.055577
82,3583,2.639410,4.082408,9.464390
86,3611,2.239656,4.302717,9.973568
84,3597,2.257021,3.725339,9.390712
87,3595,2.174057,4.324154,9.926052
86,3668,2.244009,4.066085,10.388490
82,3592,2.221880,3.413510,9.453694
83,3589,2.202024,3.394349,9.216776
81,3586,2.387747,3.291706,9.918537
82,3596,2.281184,3.184600,8.887849
79,3557,2.198710,3.126419,8.857858
79,3559,2.271822,3.170191,8.937898
77,3551,1.958240,3.172705,8.108494
78,3562,2.058359,3.259070,9.248008
79,3576,1.971255,3.338367,9.247682
81,3580,2.053700,2.935837,8.798511
82,3693,2.059833,3.190369,10.103643
82,3699,2.262750,3.342441,9.773769
81,3610,2.054684,3.070231,9.759904
81,3610,2.220346,3.646363,10.147934
81,3615,2.285952,3.616011,10.672007
81,3615,2.333244,3.457493,10.544920
81,3610,2.233426,3.544152,10.232280
81,3610,2.302003,3.911332,10.578410
81,3612,2.339497,3.478906,9.898543
82,3627,2.298752,3.776944,10.129723
82,3618,2.211538,3.733656,9.183458
81,3617,2.101699,3.552252,9.451256
82,3619,2.179277,3.323669,9.059089
85,3665,2.112807,3.398859,9.876602
81,3665,2.270918,3.307167,8.878197
84,3624,2.238041,3.402957,9.207643
83,3623,2.083713,3.404625,8.628550
82,3612,2.060947,3.373419,9.006432
84,3624,2.185950,3.276729,8.446802
81,3589,1.945205,2.975688,8.246757
81,3621,1.996590,2.809384,7.779067
81,3613,1.900512,2.660003,6.563731
81,3613,1.911089,2.607681,7.636358
81,3578,1.802210,2.354621,6.819911
82,3572,1.713807,2.247078,6.770472
81,3703,1.993108,2.801611,7.463420
82,3587,2.188961,2.554447,6.810503
81,3568,1.738363,2.371167,6.556218
78,3533,1.789013,2.615562,6.931936
79,3536,1.785830,2.646945,7.148672
81,3546,1.989202,3.087492,7.443619
79,3464,1.881430,3.217621,7.630894
78,3461,1.627350,3.108900,6.773547
76,3514,2.061192,3.150331,7.756774
67,3372,1.581637,3.155879,7.597049
72,3491,1.725320,3.199547,8.070265
70,3444,1.614120,3.170138,8.473950
69,3372,1.888457,3.300402,7.710341
68,3341,1.701308,3.362799,8.957357
67,3339,1.840587,3.551502,9.478138
73,3551,2.065140,3.791468,9.714532
71,3538,2.065678,3.918829,9.861184
74,3566,2.236038,4.680304,9.051008
79,3596,1.994362,4.193847,10.262112
79,3577,2.245495,4.055691,9.833248
82,3498,2.161846,3.827725,10.052694
84,3638,2.331844,4.398805,10.737493
81,3594,2.511006,4.155619,11.007950
81,3594,2.669436,4.330775,11.061011
83,3599,3.007347,5.158967,12.279182
84,3604,2.913544,4.716114,11.655114
87,3611,2.843874,4.493975,11.301407
83,3588,2.764724,4.442432,11.447223
84,3591,2.897363,4.206632,10.752434
86,3592,2.580924,4.308187,11.178177
89,3611,2.689059,3.864068,10.696579
91,3611,2.687836,4.021891,10.867154
88,3657,2.489000,3.885591,11.208028
88,3611,2.489573,3.699347,10.094473
90,3606,2.412889,3.651732,10.186682
90,3605,2.490052,3.630227,9.393927
90,3605,2.521787,3.646787,9.292726
90,3610,2.229019,3.691991,8.963508
91,3611,2.255137,3.383760,8.368930
87,3609,2.107894,3.392394,8.199911
84,3560,1.969740,4.071977,7.175878
83,3558,2.388945,3.190175,7.612152
81,3576,1.792162,2.947184,6.955116
81,3738,1.704786,3.432109,8.399521
81,3646,1.819286,3.136671,7.639236
81,3636,1.700483,2.986777,7.410245
81,3636,1.836552,3.192404,7.705055
81,3632,1.914727,3.597060,8.432210
81,3636,1.906440,3.641042,8.274607
81,3636,1.939745,3.573877,7.604914
81,3635,1.865615,3.553310,8.231303
83,3604,1.868447,4.031424,7.324301
89,3647,2.058546,3.769465,8.933871
90,3631,2.163778,3.541583,9.066612
90,3701,2.301974,3.848388,9.907240
89,3674,2.292601,3.524184,9.563769
87,3615,2.259577,3.506870,9.702242
87,3615,2.481386,3.837732,10.278224
86,3598,2.715291,4.367662,11.267146
81,3598,2.744982,3.999671,11.354126
82,3594,2.954133,4.272952,11.854167
81,3591,2.989741,4.182120,11.110706
81,3588,3.157235,4.317224,10.358828
81,3594,2.529361,4.282992,11.188990
81,3606,2.536676,4.307489,10.937949
81,3609,2.642612,3.896230,10.350002
85,3616,2.595960,3.941333,10.030074
82,3622,2.546089,4.066055,10.923798
82,3560,2.533081,4.177079,10.856622
82,3543,2.352037,4.097929,10.837150
82,3536,2.555863,4.141574,11.974447
82,3558,2.848252,4.446909,11.664933
81,3539,2.730663,4.341906,11.389773
81,3539,2.822734,4.368175,11.190128
82,3546,2.630314,4.175140,10.771604
82,3545,2.848156,4.662775,10.988793
82,3542,2.457272,4.489364,12.030857
83,3547,2.619447,3.969030,10.755185
82,3547,2.626891,4.040795,10.794866
81,3626,2.520925,4.075298,11.524734
81,3553,2.578719,3.797947,11.053878
81,3536,2.358797,4.182477,10.594573
83,3556,2.617584,3.886739,10.796247
81,3548,2.488871,3.698480,10.398368
81,3545,2.407522,3.648662,10.253226
83,3551,2.445093,3.619211,10.022689
83,3551,2.338702,3.427787,9.517406
81,3537,2.387316,3.681872,9.466372
81,3550,2.128034,3.316930,9.862732
81,3550,2.228492,3.255741,9.484284
81,3605,2.111696,3.192957,10.055384
81,3595,2.266572,3.260018,9.768994
82,3562,2.077579,3.190192,9.469497
81,3553,2.184516,3.313526,9.440683
81,3553,2.307295,3.503774,10.000494
81,3553,2.244695,3.326603,10.134055
81,3554,2.310356,3.347188,10.216939
81,3553,2.329211,3.345650,10.157434
81,3551,2.541699,3.555565,9.640179
81,3553,2.146822,3.577583,10.066608
83,3557,1.988823,3.369766,9.334809
81,3638,2.113285,4.087940,11.122256
81,3620,2.162022,4.048638,11.075544
81,3591,2.206091,3.440436,10.999956
81,3591,2.076639,3.593511,11.035689
81,3591,2.236846,3.626015,11.470619
81,3591,2.281323,4.219449,11.066165
81,3591,2.217005,3.361448,10.832596
81,3591,2.135180,3.246349,10.964475
81,3586,2.190163,3.649619,9.834698
82,3592,2.070887,3.762278,11.160067
82,3592,2.125322,3.586919,9.967383
81,3671,2.072023,3.799217,11.656289
82,3668,2.216060,3.339336,11.268628
81,3641,2.012131,3.216353,10.731380
78,3638,1.936021,3.501316,9.760009
81,3639,2.289329,3.796108,10.513553
79,3658,2.151708,3.391853,9.708692
78,3664,1.965114,3.278829,9.829037
74,3651,1.975265,3.402450,9.626922
76,3661,2.048767,3.326548,8.611701
78,3658,2.035325,3.520766,9.621980
79,3647,2.060433,3.435289,9.228255
79,3638,2.280885,3.207725,8.961096
81,3717,2.126990,3.908451,9.446642
81,3654,1.976864,3.533002,8.934269
81,3634,1.917181,3.353881,8.959554
81,3635,1.952409,3.091643,9.172423
81,3635,2.144666,3.163837,8.792197
81,3628,2.042597,3.100798,8.670534
81,3615,2.108065,2.918710,8.665354
81,3626,1.983706,3.346041,8.685245
81,3614,2.242139,3.056757,7.434069
81,3614,2.518377,2.643915,7.914038
81,3604,1.823387,2.619503,7.634899
81,3694,1.832918,2.684704,8.939298
81,3635,1.955066,2.424196,7.331763
81,3619,1.669241,2.296303,7.370510
81,3613,1.864515,2.471913,7.596748
81,3618,1.842373,2.559308,7.362795
83,3619,1.789015,2.560630,7.400469
81,3603,1.918707,2.673727,7.487159
82,3614,1.840018,2.890246,7.077895
84,3618,2.076456,2.917884,7.628011
81,3578,1.813351,2.807989,7.938636
84,3711,2.412285,3.352934,9.365831
81,3582,2.001739,3.105014,8.254088
81,3559,1.954584,3.267403,8.762961
81,3538,2.114029,3.628460,8.574790
81,3565,2.137838,3.508714,8.544980
83,3578,2.039898,3.307027,8.464660
82,3568,2.096095,3.538154,8.726096
85,3609,2.029115,3.606266,7.755204
82,3572,1.881738,2.932333,8.221495
83,3613,1.935437,2.855355,8.024215
84,3779,1.934746,3.113806,9.224723
84,3671,1.971861,2.611517,8.042596
85,3650,1.825176,2.450231,7.476149
82,3639,1.898582,2.778784,8.045826
81,3636,1.912784,2.794311,8.190504
81,3640,1.941741,2.581031,7.850005
79,3624,1.986178,2.522257,7.381963
74,3577,1.789972,2.567201,6.207143
81,3610,4.997061,2.642215,7.114223
76,3594,1.679788,2.549538,7.094328
77,3582,1.768325,2.463394,6.756815
75,3641,1.919690,3.046127,7.295480
80,3613,1.978230,2.939193,6.489196
81,3621,2.005402,2.923903,7.373189
81,3617,1.974672,3.323739,8.180428
82,3625,2.019601,3.447525,8.380165
81,3617,2.204575,3.688120,8.468259
83,3613,1.971193,3.938891,8.894718
87,3629,2.134008,3.484222,8.497137
89,3630,2.057065,3.952574,9.508753
89,3630,2.313624,3.445992,9.471255
90,3655,2.341006,3.572623,10.399349
89,3643,2.743314,3.676632,9.656910
89,3607,2.260592,3.525980,9.485687
89,3607,2.303001,3.638366,10.743898
89,3607,2.744045,3.825125,10.513130
89,3607,2.380706,3.690795,10.395925
89,3607,2.629894,4.003155,10.042590
89,3607,2.435536,3.734147,9.916534
90,3608,2.328883,3.794916,9.611978
91,3612,2.235493,3.542002,9.779522
90,3596,2.398758,3.627733,9.302019
89,3666,2.696486,3.751240,10.608025
87,3621,2.352916,3.606139,9.792298
87,3588,2.111370,3.185861,9.544433
87,3588,2.359122,3.606881,8.839802
84,3570,2.351187,3.771169,9.082493
82,3559,2.080720,3.255468,8.432123
81,3607,2.029533,3.165123,7.611089
81,3600,1.940191,2.913863,7.577844
81,3602,1.854906,2.546722,5.833457
81,3599,4.480647,2.409613,6.485363
81,3583,1.725732,2.332869,5.936351
72,3571,2.020535,2.472397,6.649265
74,3500,1.810526,2.317219,5.522538
79,3533,1.506777,2.003017,5.872567
81,3546,1.832677,2.463462,5.658729
80,3540,1.580492,2.068121,5.774688
78,3515,1.676894,2.199369,5.629316
78,3515,1.556335,2.030928,5.330389
77,3504,1.331632,1.957643,4.338373
81,3475,1.483713,2.066703,5.567988
82,3514,1.789454,2.052030,5.266651
80,3505,1.514783,1.780932,5.182273
82,3609,1.547885,2.414620,6.369571
82,3528,1.581178,2.267918,5.834276
81,3527,1.669976,2.227557,6.091877
81,3527,1.629900,2.395870,6.716756
77,3531,1.544929,2.410055,6.468800
82,3576,1.666639,2.448556,6.810696
81,3576,1.654944,2.484092,7.078434
75,3526,1.635249,2.608492,6.154704
72,3489,1.521713,2.506697,7.373195
77,3526,1.677740,2.468310,7.439546
81,3538,1.816394,2.415453,7.088517
81,3698,1.677754,2.998612,9.571286
81,3598,1.910036,2.685606,7.943561
87,3631,1.790368,2.898387,7.569417
87,3631,1.890130,3.213509,8.920032
87,3633,2.127130,3.600439,9.127177
86,3628,2.239716,3.560404,9.138636
93,3651,2.405339,3.772324,9.556134
95,3648,2.333471,3.768092,8.256275
92,3646,2.235292,3.772537,9.338508
94,3645,2.380406,3.499738,8.592156
95,3634,2.248131,3.534381,8.656119
94,3617,2.346757,3.952893,8.731447
92,3582,2.323957,3.509783,8.320377
91,3576,2.211652,3.799701,8.723802
87,3561,2.294229,4.067838,9.310905
88,3562,2.517301,3.915850,9.595071
87,3561,2.423390,4.003750,10.228433
85,3548,2.570910,3.961860,10.030489
84,3541,2.460078,4.085267,9.771927
83,3548,2.328551,3.957910,10.398988
83,3542,2.438725,3.692907,9.930370
87,3558,2.419746,4.019764,9.833719
81,3611,2.478843,4.131743,10.673912
88,3586,2.583601,3.714657,10.530949
88,3569,2.410597,4.207596,10.850317
89,3569,2.677453,3.913952,10.805346
89,3573,2.812047,4.036148,11.117472
93,3591,2.746778,4.019222,10.538541
92,3590,2.674785,4.129235,10.938332
93,3590,2.811158,3.797550,10.050467
92,3590,2.509366,3.946420,9.593787
93,3590,2.657134,4.006708,10.785712
94,3587,2.697547,3.714721,10.235115
95,3587,2.463823,4.021274,10.392244
93,3674,2.454367,4.123732,11.323756
94,3632,2.515044,3.919650,10.047212
97,3620,2.389211,3.884582,10.529791
95,3619,2.556453,3.965280,10.030059
94,3619,2.495358,4.259704,9.865952
90,3600,2.377759,3.898856,9.671050
87,3584,2.330281,3.803041,9.658879
88,3584,2.260918,3.666386,8.168969
85,3574,2.038591,3.337806,9.276486
85,3574,2.076350,3.240244,9.037177
84,3572,2.100148,2.838824,8.046238
84,3636,2.126455,2.910536,9.184915
82,3559,2.105184,2.777079,8.262929
83,3532,2.143173,2.542375,7.804446
82,3529,1.954943,2.654190,7.923607
82,3504,2.169061,2.786508,8.051488
82,3504,2.130476,2.811089,8.210854
83,3530,2.283729,2.926774,7.968897
81,3548,2.180069,3.136681,8.200253
82,3514,2.183099,2.634961,7.113918
81,3476,1.829769,2.914281,8.115010
81,3539,1.969356,2.798879,8.139617
81,3537,2.069323,2.598932,7.337849
81,3628,1.887010,3.358445,9.410451
82,3541,2.070180,2.634002,8.901218
83,3528,3.052477,2.582516,8.573136
81,3509,1.861324,2.585621,8.323161
83,3528,2.026906,2.716782,8.180160
82,3522,2.031434,2.781230,8.394139
83,3528,2.048935,2.753212,8.285527
81,3497,2.052716,2.924773,7.557009
82,3497,2.625048,2.759967,9.054401
81,3512,1.961965,2.883138,8.337751
86,3707,2.062149,2.903185,9.517827
85,3641,2.157475,2.629495,8.938995
81,3589,2.005373,3.022390,8.613906
81,3582,2.000266,2.766672,8.607573
82,3587,2.171897,2.868242,8.876193
81,3549,2.171250,3.090461,8.787983
81,3582,2.076255,2.899686,8.721653
81,3606,2.112439,2.790166,9.113773
82,3578,2.048401,2.876689,7.820606
81,3612,1.913157,2.794694,8.855045
